24 0.29678571428571426 0.7208333333333333 0.3057142857142857 0.18958333333333333
23 0.5721428571428572 0.7255208333333333 0.15357142857142858 0.051041666666666666
12 0.33 0.5716145833333334 0.14357142857142857 0.043229166666666666
15 0.515 0.5778645833333333 0.2867857142857143 0.06614583333333333
9 0.8028571428571428 0.5588541666666667 0.12607142857142858 0.06614583333333333
11 0.8692857142857143 0.7635416666666667 0.20285714285714285 0.10416666666666667
4 0.6292857142857143 0.7591145833333334 0.15607142857142858 0.052083333333333336
16 0.7171428571428572 0.5791666666666667 0.13035714285714287 0.04583333333333333
6 0.7157142857142857 0.38333333333333336 0.23392857142857143 0.09192708333333334
4 0.18107142857142858 0.3893229166666667 0.2785714285714286 0.07317708333333334
10 0.19535714285714287 0.5721354166666667 0.08785714285714286 0.07109375