12 0.38142857142857145 0.8809895833333333 0.21642857142857144 0.06901041666666667
11 0.8407142857142857 0.621875 0.20464285714285715 0.10807291666666667
24 0.7082142857142857 0.76796875 0.2642857142857143 0.14661458333333333
16 0.39464285714285713 0.6486979166666667 0.135 0.051041666666666666
4 0.6060714285714286 0.6549479166666666 0.17107142857142857 0.057291666666666664
4 0.3846428571428571 0.4161458333333333 0.22464285714285714 0.15546875
23 0.5628571428571428 0.8515625 0.20035714285714284 0.08802083333333334
10 0.8832142857142857 0.8541666666666666 0.10285714285714286 0.10390625
6 0.525 0.4471354166666667 0.21214285714285713 0.08411458333333334
9 0.2357142857142857 0.8278645833333333 0.145 0.07890625
15 0.18928571428571428 0.6393229166666666 0.2792857142857143 0.090625