15 0.6796428571428571 0.7114583333333333 0.13892857142857143 0.06640625
11 0.7992857142857143 0.5005208333333333 0.1732142857142857 0.0890625
8 0.5292857142857142 0.6848958333333334 0.15571428571428572 0.06744791666666666
23 0.6157142857142858 0.52421875 0.135 0.05859375
16 0.7453571428571428 0.6700520833333333 0.06964285714285715 0.05911458333333333
2 0.4257142857142857 0.5169270833333334 0.27964285714285714 0.04453125
7 0.49964285714285717 0.3671875 0.11214285714285714 0.06041666666666667
6 0.7560714285714286 0.32708333333333334 0.24464285714285713 0.121875
0 0.2057142857142857 0.3734375 0.10035714285714285 0.057291666666666664
0 0.33321428571428574 0.37604166666666666 0.09178571428571429 0.04765625
12 0.24535714285714286 0.7088541666666667 0.20785714285714285 0.06458333333333334
17 0.3767857142857143 0.6760416666666667 0.15142857142857144 0.11145833333333334