23 0.7732142857142857 0.39557291666666666 0.08214285714285714 0.0484375
23 0.6521428571428571 0.4005208333333333 0.08678571428571429 0.04765625
6 0.8435714285714285 0.5453125 0.1957142857142857 0.1296875
12 0.63 0.5979166666666667 0.19178571428571428 0.04505208333333333
14 0.46714285714285714 0.38671875 0.16714285714285715 0.0828125
16 0.6392857142857142 0.8231770833333333 0.07821428571428571 0.055989583333333336
8 0.4475 0.5953125 0.32785714285714285 0.06484375
10 0.4092857142857143 0.76484375 0.20785714285714285 0.09270833333333334
20 0.195 0.584375 0.09392857142857143 0.07005208333333333
13 0.8192857142857143 0.7885416666666667 0.08107142857142857 0.0671875
16 0.5760714285714286 0.7973958333333333 0.07892857142857143 0.05651041666666667
20 0.3 0.5799479166666667 0.10857142857142857 0.08411458333333334
4 0.29035714285714287 0.7364583333333333 0.26142857142857145 0.08671875