7 0.37892857142857145 0.7140625 0.19607142857142856 0.08359375
8 0.39285714285714285 0.53203125 0.24464285714285713 0.0671875
21 0.4857142857142857 0.5059895833333333 0.18285714285714286 0.08489583333333334
10 0.7046428571428571 0.2984375 0.37857142857142856 0.08333333333333333
23 0.15821428571428572 0.6890625 0.17714285714285713 0.07291666666666667
12 0.7239285714285715 0.7015625 0.20857142857142857 0.06015625
12 0.0975 0.5221354166666666 0.15535714285714286 0.071875
16 0.24035714285714285 0.521875 0.07071428571428572 0.05520833333333333
0 0.2546428571428571 0.3190104166666667 0.3632142857142857 0.06432291666666666
15 0.7903571428571429 0.5265625 0.2864285714285714 0.08932291666666667
20 0.61 0.7658854166666667 0.11 0.08958333333333333
20 0.7553571428571428 0.74921875 0.16642857142857143 0.08776041666666666