14 0.8825 0.7794270833333333 0.21142857142857144 0.11145833333333334
20 0.13642857142857143 0.5721354166666667 0.20642857142857143 0.08177083333333333
23 0.09821428571428571 0.809375 0.09857142857142857 0.07161458333333333
23 0.2517857142857143 0.8033854166666666 0.09 0.062239583333333334
13 0.7403571428571428 0.3653645833333333 0.085 0.05677083333333333
8 0.7553571428571428 0.5739583333333333 0.43142857142857144 0.084375
6 0.7889285714285714 0.70546875 0.17857142857142858 0.11276041666666667
10 0.6060714285714286 0.5375 0.1757142857142857 0.09427083333333333
16 0.2814285714285714 0.7536458333333333 0.13464285714285715 0.07005208333333333
4 0.5232142857142857 0.79140625 0.2732142857142857 0.12552083333333333
12 0.23892857142857143 0.39791666666666664 0.22857142857142856 0.029166666666666667
16 0.38571428571428573 0.3984375 0.09857142857142857 0.025