15 0.6760714285714285 0.79296875 0.1575 0.07447916666666667
23 0.6075 0.57734375 0.15857142857142856 0.06848958333333334
11 0.17714285714285713 0.5692708333333333 0.19607142857142856 0.09010416666666667
8 0.5 0.7643229166666666 0.18 0.0796875
2 0.7992857142857143 0.5734375 0.25785714285714284 0.05911458333333333
9 0.33 0.7502604166666667 0.17821428571428571 0.12864583333333332
7 0.7171428571428572 0.3932291666666667 0.1367857142857143 0.0734375
16 0.75 0.75 0.07571428571428572 0.07473958333333333
12 0.1825 0.7838541666666666 0.2332142857142857 0.07239583333333334
6 0.20035714285714284 0.36171875 0.26535714285714285 0.14479166666666668
0 0.17464285714285716 0.4015625 0.24285714285714285 0.06744791666666666