14 0.6628571428571428 0.5127604166666667 0.10714285714285714 0.09114583333333333
23 0.21 0.7317708333333334 0.15678571428571428 0.06640625
10 0.49142857142857144 0.6958333333333333 0.14392857142857143 0.09088541666666666
6 0.3267857142857143 0.5052083333333334 0.1682142857142857 0.10989583333333333
8 0.7632142857142857 0.73515625 0.35535714285714287 0.1140625
12 0.7421428571428571 0.8052083333333333 0.27285714285714285 0.07604166666666666
15 0.4639285714285714 0.5731770833333333 0.25785714285714284 0.05260416666666667
9 0.665 0.3653645833333333 0.15392857142857144 0.09375
8 0.8975 0.5638020833333334 0.14 0.06770833333333333
0 0.38285714285714284 0.7682291666666666 0.23 0.09921875
21 0.7642857142857142 0.5723958333333333 0.11678571428571428 0.06302083333333333
16 0.13892857142857143 0.5700520833333333 0.16142857142857142 0.0734375
4 0.1992857142857143 0.34270833333333334 0.2714285714285714 0.14947916666666666