5 0.13714285714285715 0.8721354166666667 0.20285714285714285 0.09348958333333333
11 0.8871428571428571 0.6971354166666667 0.21928571428571428 0.12447916666666667
12 0.8553571428571428 0.48020833333333335 0.2892857142857143 0.07838541666666667
4 0.10678571428571429 0.19036458333333334 0.21357142857142858 0.1703125
4 0.037142857142857144 0.48723958333333334 0.07142857142857142 0.08203125
15 0.12607142857142858 0.75390625 0.22535714285714287 0.058333333333333334
16 0.3125 0.753125 0.17285714285714285 0.06927083333333334
6 0.11964285714285715 0.4348958333333333 0.23892857142857143 0.14375
23 0.36 0.6635416666666667 0.20535714285714285 0.0796875
15 0.3560714285714286 0.72265625 0.32571428571428573 0.10859375
14 0.6782142857142858 0.6658854166666667 0.2067857142857143 0.08463541666666667