12 0.7935714285714286 0.78828125 0.11321428571428571 0.06927083333333334
6 0.4807142857142857 0.38671875 0.18464285714285714 0.09921875
20 0.24428571428571427 0.57578125 0.17785714285714285 0.07265625
4 0.5428571428571428 0.7354166666666667 0.23714285714285716 0.07005208333333333
8 0.7296428571428571 0.59375 0.15571428571428572 0.07395833333333333
23 0.12571428571428572 0.8125 0.09071428571428572 0.07083333333333333
16 0.6132142857142857 0.8078125 0.13785714285714284 0.06067708333333333
10 0.43892857142857145 0.5739583333333333 0.23535714285714285 0.11302083333333333
20 0.245 0.5794270833333334 0.17964285714285713 0.0890625
23 0.27035714285714285 0.8078125 0.09785714285714285 0.06666666666666667
14 0.2982142857142857 0.74296875 0.1675 0.0890625
13 0.7292857142857143 0.39895833333333336 0.09071428571428572 0.05755208333333333