24 0.7878571428571428 0.60546875 0.27214285714285713 0.13411458333333334
11 0.815 0.4552083333333333 0.2592857142857143 0.08619791666666667
21 0.18357142857142858 0.66015625 0.17285714285714285 0.0984375
23 0.5842857142857143 0.4596354166666667 0.19714285714285715 0.090625
6 0.8007142857142857 0.2682291666666667 0.19428571428571428 0.11953125
5 0.63 0.29270833333333335 0.16714285714285715 0.07161458333333333
4 0.21107142857142858 0.2515625 0.21678571428571428 0.16171875
4 0.4082142857142857 0.46458333333333335 0.1742857142857143 0.09088541666666666
9 0.16357142857142856 0.2994791666666667 0.19178571428571428 0.07447916666666667
12 0.40714285714285714 0.31640625 0.19607142857142856 0.04401041666666667
14 0.36214285714285716 0.6671875 0.0925 0.05572916666666667
20 0.46 0.6536458333333334 0.10357142857142858 0.08619791666666667
15 0.6528571428571428 0.6614583333333334 0.18285714285714286 0.10494791666666667