24 0.18892857142857142 0.7046875 0.315 0.18177083333333333
11 0.8610714285714286 0.75703125 0.2282142857142857 0.11067708333333333
23 0.39107142857142857 0.7111979166666667 0.08892857142857143 0.06796875
23 0.4789285714285714 0.7171875 0.09071428571428572 0.065625
10 0.1575 0.5375 0.11035714285714286 0.09244791666666667
9 0.6660714285714285 0.7583333333333333 0.16214285714285714 0.084375
16 0.7896428571428571 0.5557291666666667 0.155 0.04921875
4 0.7867857142857143 0.6817708333333333 0.2275 0.09895833333333333
6 0.3525 0.5231770833333333 0.19535714285714287 0.09322916666666667
4 0.4878571428571429 0.5609375 0.23392857142857143 0.05026041666666667
15 0.6435714285714286 0.5380208333333333 0.18392857142857144 0.07291666666666667
12 0.18 0.38125 0.2417857142857143 0.030729166666666665