12 0.8635714285714285 0.6033854166666667 0.18357142857142858 0.04973958333333333
3 0.5760714285714286 0.3734375 0.3535714285714286 0.10260416666666666
23 0.61 0.5731770833333333 0.1325 0.06484375
21 0.7696428571428572 0.7794270833333333 0.19714285714285715 0.06588541666666667
14 0.5382142857142858 0.71875 0.14535714285714285 0.084375
8 0.1707142857142857 0.5911458333333334 0.31785714285714284 0.09427083333333333
21 0.6217857142857143 0.7934895833333333 0.06607142857142857 0.05260416666666667
10 0.3092857142857143 0.7213541666666666 0.1992857142857143 0.0609375
6 0.13 0.38671875 0.19892857142857143 0.10416666666666667
16 0.4303571428571429 0.5807291666666666 0.13071428571428573 0.04895833333333333
20 0.31535714285714284 0.7890625 0.16464285714285715 0.08723958333333333