5 0.5760714285714286 0.5919270833333333 0.15071428571428572 0.07760416666666667
10 0.8035714285714286 0.203125 0.12 0.09661458333333334
16 0.6117857142857143 0.4125 0.12357142857142857 0.04583333333333333
12 0.8710714285714286 0.4239583333333333 0.24928571428571428 0.05364583333333333
9 0.14 0.21223958333333334 0.18821428571428572 0.09583333333333334
24 0.24928571428571428 0.5526041666666667 0.27071428571428574 0.14557291666666666
6 0.1667857142857143 0.39739583333333334 0.22178571428571428 0.11614583333333334
11 0.1467857142857143 0.63984375 0.215 0.11302083333333333
23 0.5264285714285715 0.23229166666666667 0.22035714285714286 0.046614583333333334
1 0.8542857142857143 0.60078125 0.1775 0.09479166666666666
4 0.41892857142857143 0.6494791666666667 0.19214285714285714 0.09088541666666666
4 0.6328571428571429 0.6567708333333333 0.16464285714285715 0.054427083333333334
15 0.4592857142857143 0.3984375 0.2275 0.08463541666666667
4 0.8207142857142857 0.5533854166666666 0.2307142857142857 0.15729166666666666