6 0.10821428571428572 0.45078125 0.2007142857142857 0.1296875
5 0.5542857142857143 0.6359375 0.1492857142857143 0.07578125
15 0.5057142857142857 0.45625 0.1692857142857143 0.05390625
11 0.29964285714285716 0.44375 0.1717857142857143 0.109375
16 0.6471428571428571 0.45807291666666666 0.11928571428571429 0.0453125
24 0.2307142857142857 0.5984375 0.2717857142857143 0.14348958333333334
10 0.7760714285714285 0.25364583333333335 0.11607142857142858 0.09166666666666666
9 0.12642857142857142 0.2708333333333333 0.18285714285714286 0.09583333333333334
12 0.8457142857142858 0.46927083333333336 0.25214285714285717 0.05364583333333333
1 0.8264285714285714 0.6419270833333334 0.175 0.08723958333333333
23 0.5035714285714286 0.28880208333333335 0.21428571428571427 0.04401041666666667
4 0.3982142857142857 0.6958333333333333 0.17142857142857143 0.07317708333333334
4 0.6121428571428571 0.7028645833333333 0.15857142857142856 0.05234375
4 0.7914285714285715 0.5963541666666666 0.2282142857142857 0.15104166666666666