11 0.7646428571428572 0.7591145833333334 0.2775 0.11276041666666667
12 0.5271428571428571 0.7213541666666666 0.16142857142857142 0.06276041666666667
23 0.3675 0.5489583333333333 0.19107142857142856 0.09375
4 0.19 0.7205729166666667 0.24035714285714285 0.1578125
9 0.3532142857142857 0.71015625 0.13071428571428573 0.07317708333333334
6 0.7914285714285715 0.3572916666666667 0.2275 0.1203125
5 0.4542857142857143 0.38828125 0.15785714285714286 0.06875
24 0.7567857142857143 0.6697916666666667 0.22285714285714286 0.07760416666666667
4 0.6139285714285714 0.546875 0.2 0.05755208333333333
16 0.19 0.4080729166666667 0.14214285714285715 0.03958333333333333
15 0.8146428571428571 0.5682291666666667 0.22714285714285715 0.08151041666666667