24 0.7671428571428571 0.6302083333333334 0.295 0.16666666666666666
11 0.7407142857142858 0.4739583333333333 0.28035714285714286 0.090625
12 0.25142857142857145 0.6666666666666666 0.18714285714285714 0.0671875
23 0.375 0.4635416666666667 0.17642857142857143 0.08333333333333333
4 0.20035714285714284 0.2716145833333333 0.22464285714285714 0.15
15 0.4810714285714286 0.6580729166666667 0.18464285714285714 0.07421875
6 0.7639285714285714 0.28854166666666664 0.2117857142857143 0.11380208333333333
4 0.5425 0.31744791666666666 0.19285714285714287 0.06302083333333333
9 0.3535714285714286 0.615625 0.1225 0.06953125
16 0.2017857142857143 0.3341145833333333 0.135 0.03411458333333333
5 0.43607142857142855 0.3184895833333333 0.11892857142857143 0.057291666666666664