22 0.6917857142857143 0.7106770833333333 0.25035714285714283 0.13489583333333333
23 0.4110714285714286 0.5375 0.09178571428571429 0.06302083333333333
9 0.23392857142857143 0.71953125 0.2357142857142857 0.11432291666666666
23 0.20785714285714285 0.37526041666666665 0.10428571428571429 0.042708333333333334
16 0.7678571428571429 0.5708333333333333 0.07821428571428571 0.054427083333333334
23 0.2125 0.5455729166666666 0.08535714285714285 0.06380208333333333
7 0.6714285714285714 0.5221354166666666 0.11428571428571428 0.07916666666666666
16 0.8707142857142857 0.5697916666666667 0.08035714285714286 0.05416666666666667
8 0.8107142857142857 0.7997395833333333 0.2885714285714286 0.04401041666666667
13 0.6171428571428571 0.3606770833333333 0.2332142857142857 0.05182291666666667
7 0.1417857142857143 0.5239583333333333 0.1332142857142857 0.10703125