2 0.2175 0.3765625 0.3125 0.13828125
12 0.24607142857142858 0.5880208333333333 0.21785714285714286 0.05963541666666667
17 0.7160714285714286 0.5330729166666667 0.1475 0.10416666666666667
7 0.2342857142857143 0.7697916666666667 0.1125 0.08958333333333333
8 0.45821428571428574 0.7666666666666667 0.2835714285714286 0.06848958333333334
23 0.5485714285714286 0.5875 0.155 0.059895833333333336
16 0.7967857142857143 0.7619791666666667 0.15785714285714286 0.06302083333333333
0 0.8735714285714286 0.57109375 0.19071428571428573 0.09192708333333334
23 0.43642857142857144 0.5861979166666667 0.08035714285714286 0.05416666666666667
6 0.3767857142857143 0.6973958333333333 0.21714285714285714 0.09479166666666666
11 0.5146428571428572 0.5393229166666667 0.16392857142857142 0.05755208333333333
17 0.7760714285714285 0.7223958333333333 0.12 0.024739583333333332