1 0.11214285714285714 0.64140625 0.14821428571428572 0.11119791666666666
6 0.6925 0.23958333333333334 0.1732142857142857 0.0875
15 0.8432142857142857 0.4317708333333333 0.2092857142857143 0.053125
11 0.7821428571428571 0.5807291666666666 0.17285714285714285 0.09635416666666667
5 0.17642857142857143 0.2546875 0.13857142857142857 0.055989583333333336
9 0.6189285714285714 0.6393229166666666 0.15214285714285714 0.08958333333333333
24 0.27035714285714285 0.5533854166666666 0.2532142857142857 0.14140625
23 0.47714285714285715 0.26197916666666665 0.11464285714285714 0.04453125
23 0.36857142857142855 0.2630208333333333 0.12214285714285714 0.041666666666666664
12 0.8446428571428571 0.6557291666666667 0.23214285714285715 0.0625
10 0.8282142857142857 0.23802083333333332 0.11071428571428571 0.09192708333333334
15 0.61 0.43515625 0.12035714285714286 0.03697916666666667
4 0.40285714285714286 0.6473958333333333 0.18642857142857142 0.06901041666666667
4 0.47464285714285714 0.41901041666666666 0.2785714285714286 0.08671875