12 0.9039285714285714 0.8057291666666667 0.15857142857142856 0.09270833333333334
6 0.5092857142857142 0.37083333333333335 0.19392857142857142 0.10182291666666667
23 0.13607142857142857 0.8119791666666667 0.09464285714285714 0.07317708333333334
8 0.7592857142857142 0.5942708333333333 0.45071428571428573 0.08333333333333333
12 0.8410714285714286 0.78359375 0.10964285714285714 0.06901041666666667
4 0.5617857142857143 0.73203125 0.2317857142857143 0.07760416666666667
10 0.42607142857142855 0.5473958333333333 0.17642857142857143 0.08515625
20 0.2596428571428571 0.5645833333333333 0.18464285714285714 0.07291666666666667
16 0.6035714285714285 0.7973958333333333 0.12285714285714286 0.08776041666666666
23 0.2839285714285714 0.80703125 0.09964285714285714 0.06666666666666667
14 0.3092857142857143 0.7372395833333333 0.17214285714285715 0.09244791666666667
13 0.7653571428571428 0.38203125 0.09428571428571429 0.0625