12 0.7175 0.8223958333333333 0.2567857142857143 0.05364583333333333
23 0.7532142857142857 0.36484375 0.0875 0.053125
23 0.6232142857142857 0.3697916666666667 0.09285714285714286 0.05182291666666667
6 0.8514285714285714 0.7549479166666667 0.21464285714285714 0.13697916666666668
20 0.245 0.5591145833333333 0.10857142857142857 0.07708333333333334
14 0.4185714285714286 0.35546875 0.17785714285714285 0.09322916666666667
8 0.5014285714285714 0.5721354166666667 0.35428571428571426 0.06614583333333333
20 0.13535714285714287 0.5674479166666667 0.10357142857142858 0.075
4 0.25535714285714284 0.7315104166666667 0.2725 0.09114583333333333
16 0.5421428571428571 0.7911458333333333 0.07892857142857143 0.06953125
16 0.6217857142857143 0.803125 0.056428571428571425 0.05286458333333333
13 0.7217857142857143 0.5677083333333334 0.08142857142857143 0.10546875
10 0.37285714285714283 0.7640625 0.21678571428571428 0.10130208333333333