12 0.5253571428571429 0.5622395833333333 0.20357142857142857 0.065625
2 0.5535714285714286 0.7778645833333333 0.23357142857142857 0.11744791666666667
7 0.7492857142857143 0.3796875 0.13428571428571429 0.06822916666666666
17 0.8425 0.534375 0.21285714285714286 0.13567708333333334
16 0.7871428571428571 0.7192708333333333 0.095 0.05677083333333333
11 0.245 0.5442708333333334 0.2057142857142857 0.10546875
15 0.7482142857142857 0.7705729166666667 0.14464285714285716 0.07369791666666667
8 0.29464285714285715 0.7236979166666667 0.24321428571428572 0.050520833333333334
6 0.5907142857142857 0.68125 0.24285714285714285 0.10859375
23 0.26535714285714285 0.3971354166666667 0.19142857142857142 0.040625
0 0.23392857142857143 0.7705729166666667 0.19035714285714286 0.08828125