23 0.48964285714285716 0.76953125 0.16964285714285715 0.07395833333333333
12 0.1717857142857143 0.6153645833333333 0.22178571428571428 0.05130208333333333
4 0.6032142857142857 0.6119791666666666 0.11357142857142857 0.05026041666666667
11 0.8117857142857143 0.5739583333333333 0.17392857142857143 0.1015625
24 0.6932142857142857 0.7200520833333334 0.24071428571428571 0.13671875
9 0.4107142857142857 0.5940104166666667 0.14857142857142858 0.07473958333333333
4 0.8357142857142857 0.38515625 0.2875 0.14453125
16 0.41214285714285714 0.8109375 0.11392857142857143 0.07526041666666666
6 0.3464285714285714 0.41953125 0.20714285714285716 0.07369791666666667
15 0.23107142857142857 0.8130208333333333 0.2617857142857143 0.0859375
10 0.8535714285714285 0.80625 0.09714285714285714 0.07213541666666666