7 0.13 0.5697916666666667 0.18607142857142858 0.09583333333333334
15 0.37142857142857144 0.5770833333333333 0.23392857142857143 0.06380208333333333
21 0.5317857142857143 0.71640625 0.17392857142857143 0.06848958333333334
6 0.2882142857142857 0.6846354166666667 0.14464285714285716 0.10807291666666667
0 0.6764285714285714 0.37447916666666664 0.21464285714285714 0.062239583333333334
12 0.5896428571428571 0.5494791666666666 0.15821428571428572 0.05572916666666667
23 0.27214285714285713 0.3953125 0.11892857142857143 0.052083333333333336
10 0.8557142857142858 0.546875 0.20964285714285713 0.09895833333333333
14 0.1767857142857143 0.74765625 0.16035714285714286 0.10598958333333333
16 0.43892857142857145 0.39791666666666664 0.13857142857142857 0.0359375
9 0.7475 0.69140625 0.16142857142857142 0.109375
8 0.6939285714285715 0.7919270833333333 0.49857142857142855 0.07994791666666666