23 0.6664285714285715 0.32369791666666664 0.09678571428571428 0.05677083333333333
23 0.8103571428571429 0.32135416666666666 0.09321428571428571 0.05703125
6 0.7942857142857143 0.690625 0.19357142857142856 0.12760416666666666
4 0.24821428571428572 0.7158854166666667 0.29035714285714287 0.08828125
16 0.6171428571428571 0.7885416666666667 0.16964285714285715 0.0734375
20 0.1975 0.5338541666666666 0.2317857142857143 0.08515625
10 0.38392857142857145 0.7536458333333333 0.23642857142857143 0.10416666666666667
12 0.5157142857142857 0.5619791666666667 0.2625 0.05260416666666667
8 0.5142857142857142 0.5184895833333333 0.38142857142857145 0.07109375
14 0.4471428571428571 0.32057291666666665 0.19214285714285714 0.09609375
13 0.7707142857142857 0.5255208333333333 0.11285714285714285 0.0984375