12 0.23642857142857143 0.7994791666666666 0.1757142857142857 0.09557291666666666
11 0.22892857142857143 0.5901041666666667 0.21035714285714285 0.10104166666666667
23 0.6478571428571429 0.5908854166666667 0.1525 0.0671875
15 0.7153571428571428 0.8078125 0.14892857142857144 0.06927083333333334
17 0.5639285714285714 0.3997395833333333 0.1925 0.11770833333333333
8 0.47035714285714286 0.8033854166666666 0.28035714285714286 0.06067708333333333
2 0.8328571428571429 0.5890625 0.2675 0.06432291666666666
16 0.7857142857142857 0.7578125 0.08357142857142857 0.058854166666666666
6 0.5264285714285715 0.721875 0.2425 0.10911458333333333
7 0.7564285714285715 0.4158854166666667 0.13107142857142856 0.07630208333333334
0 0.20535714285714285 0.42864583333333334 0.18678571428571428 0.0640625