6 0.7139285714285715 0.37421875 0.2571428571428571 0.11041666666666666
12 0.1792857142857143 0.5796875 0.23214285714285715 0.05260416666666667
10 0.39785714285714285 0.55625 0.12142857142857143 0.09947916666666666
9 0.6225 0.5744791666666667 0.16214285714285714 0.11276041666666667
16 0.8689285714285714 0.5822916666666667 0.22464285714285714 0.06822916666666666
15 0.7642857142857142 0.5440104166666667 0.2367857142857143 0.09427083333333333
24 0.2592857142857143 0.73203125 0.3171428571428571 0.19739583333333333
23 0.4707142857142857 0.7325520833333333 0.15357142857142858 0.057291666666666664
4 0.8160714285714286 0.7020833333333333 0.27464285714285713 0.12604166666666666
4 0.6007142857142858 0.7924479166666667 0.215 0.07552083333333333
11 0.8775 0.778125 0.2175 0.11770833333333333