4 0.4710714285714286 0.7169270833333333 0.2175 0.07838541666666667
23 0.19107142857142856 0.5734375 0.29178571428571426 0.09270833333333334
20 0.75 0.7901041666666667 0.2675 0.08984375
21 0.5228571428571429 0.78984375 0.16642857142857143 0.11171875
15 0.8235714285714286 0.5841145833333333 0.20714285714285716 0.07578125
12 0.5042857142857143 0.42135416666666664 0.31857142857142856 0.04140625
14 0.8464285714285714 0.3848958333333333 0.22857142857142856 0.10234375
0 0.4932142857142857 0.5541666666666667 0.10892857142857143 0.08828125
6 0.2592857142857143 0.7088541666666667 0.16892857142857143 0.071875
9 0.20857142857142857 0.75703125 0.15214285714285714 0.08776041666666666
16 0.12321428571428572 0.7940104166666667 0.06357142857142857 0.05807291666666667
16 0.2571428571428571 0.80078125 0.14214285714285715 0.07604166666666666