21 0.3796428571428571 0.7807291666666667 0.11071428571428571 0.07161458333333333
16 0.14714285714285713 0.8203125 0.12607142857142858 0.06927083333333334
6 0.7982142857142858 0.55546875 0.15142857142857144 0.11302083333333333
9 0.7667857142857143 0.39791666666666664 0.19285714285714287 0.1
21 0.26035714285714284 0.7796875 0.11678571428571428 0.07239583333333334
14 0.7896428571428571 0.740625 0.16892857142857143 0.08463541666666667
12 0.24964285714285714 0.6268229166666667 0.20607142857142857 0.050520833333333334
3 0.29642857142857143 0.40729166666666666 0.38392857142857145 0.08567708333333333
15 0.8378571428571429 0.6143229166666667 0.2025 0.06822916666666666
10 0.5460714285714285 0.7838541666666666 0.2225 0.10755208333333334
20 0.81 0.81953125 0.17857142857142858 0.08203125
23 0.5542857142857143 0.6067708333333334 0.10714285714285714 0.06588541666666667
24 0.41714285714285715 0.6065104166666667 0.06964285714285715 0.06354166666666666
4 0.5882142857142857 0.76171875 0.22607142857142856 0.06979166666666667