12 0.8207142857142857 0.5716145833333334 0.225 0.06197916666666667
23 0.2617857142857143 0.7770833333333333 0.19107142857142856 0.09635416666666667
24 0.6875 0.6997395833333333 0.27964285714285714 0.17786458333333333
23 0.8689285714285714 0.7872395833333333 0.11964285714285715 0.07708333333333334
5 0.12714285714285714 0.37447916666666664 0.18428571428571427 0.07239583333333334
16 0.5764285714285714 0.5765625 0.08178571428571428 0.05572916666666667
21 0.29642857142857143 0.5700520833333333 0.13642857142857143 0.08697916666666666
15 0.7828571428571428 0.36302083333333335 0.12928571428571428 0.09270833333333334
11 0.5257142857142857 0.77734375 0.305 0.12447916666666667
20 0.16535714285714287 0.5684895833333333 0.14964285714285713 0.09583333333333334
14 0.6685714285714286 0.3729166666666667 0.10071428571428571 0.065625
16 0.4739285714285714 0.5778645833333333 0.08392857142857142 0.06666666666666667