1 0.1625 0.46171875 0.13785714285714284 0.09296875
24 0.26357142857142857 0.6036458333333333 0.25535714285714284 0.14244791666666667
5 0.17 0.2942708333333333 0.1425 0.058854166666666666
11 0.8403571428571428 0.6403645833333333 0.1925 0.11770833333333333
12 0.39285714285714285 0.6791666666666667 0.17285714285714285 0.07291666666666667
10 0.8228571428571428 0.26875 0.11678571428571428 0.09166666666666666
23 0.35464285714285715 0.29661458333333335 0.11464285714285714 0.044270833333333336
9 0.6207142857142857 0.6700520833333333 0.16107142857142856 0.09296875
23 0.465 0.29583333333333334 0.11571428571428571 0.04479166666666667
4 0.18571428571428572 0.68125 0.1757142857142857 0.06510416666666667
6 0.6867857142857143 0.26901041666666664 0.1732142857142857 0.08541666666666667
4 0.44571428571428573 0.45598958333333334 0.23214285714285715 0.08333333333333333
16 0.7075 0.4596354166666667 0.0925 0.04973958333333333
15 0.8432142857142857 0.45677083333333335 0.20857142857142857 0.05859375
15 0.6103571428571428 0.4708333333333333 0.09785714285714285 0.04973958333333333