23 0.2817857142857143 0.38125 0.13035714285714287 0.05026041666666667
16 0.4525 0.38645833333333335 0.13428571428571429 0.03125
0 0.695 0.36953125 0.21571428571428572 0.05859375
14 0.8585714285714285 0.5169270833333334 0.11071428571428571 0.10520833333333333
10 0.5089285714285714 0.51484375 0.17714285714285713 0.10911458333333333
7 0.12285714285714286 0.5440104166666667 0.21214285714285713 0.11979166666666667
15 0.30642857142857144 0.5385416666666667 0.2067857142857143 0.05677083333333333
12 0.20107142857142857 0.796875 0.24285714285714285 0.06744791666666666
6 0.29214285714285715 0.68828125 0.15142857142857144 0.10598958333333333
21 0.5371428571428571 0.7197916666666667 0.16714285714285715 0.05807291666666667
9 0.7753571428571429 0.6940104166666666 0.215 0.11953125
8 0.6907142857142857 0.7875 0.5582142857142857 0.08020833333333334