22 0.22071428571428572 0.690625 0.1725 0.16614583333333333
23 0.8339285714285715 0.54296875 0.09535714285714286 0.06458333333333334
5 0.44857142857142857 0.5208333333333334 0.17214285714285715 0.07161458333333333
12 0.2867857142857143 0.5536458333333333 0.10428571428571429 0.05260416666666667
12 0.5525 0.7893229166666667 0.10107142857142858 0.07395833333333333
8 0.5417857142857143 0.5604166666666667 0.23285714285714285 0.03984375
3 0.2782142857142857 0.31875 0.4107142857142857 0.10026041666666667
8 0.49107142857142855 0.7731770833333333 0.17857142857142858 0.07213541666666666
6 0.7689285714285714 0.721875 0.29678571428571426 0.1484375
13 0.5242857142857142 0.3390625 0.1825 0.06640625
12 0.44857142857142857 0.74453125 0.24892857142857142 0.058854166666666666