22 0.285 0.5494791666666666 0.2621428571428571 0.1171875
23 0.8353571428571429 0.90703125 0.09214285714285714 0.048177083333333336
23 0.5864285714285714 0.9205729166666666 0.0825 0.06744791666666666
12 0.5425 0.5859375 0.12321428571428572 0.053385416666666664
23 0.6657142857142857 0.91796875 0.08107142857142857 0.06197916666666667
16 0.8225 0.5927083333333333 0.12857142857142856 0.059375
7 0.23214285714285715 0.7484375 0.20285714285714285 0.09713541666666667
15 0.2839285714285714 0.8265625 0.21071428571428572 0.050520833333333334
9 0.5192857142857142 0.7979166666666667 0.14392857142857143 0.08307291666666666
13 0.7675 0.5526041666666667 0.2392857142857143 0.078125
9 0.49214285714285716 0.7265625 0.22464285714285714 0.11354166666666667
4 0.7996428571428571 0.79296875 0.2664285714285714 0.09583333333333334
8 0.4635714285714286 0.6088541666666667 0.21535714285714286 0.07265625