15 0.7214285714285714 0.80390625 0.15964285714285714 0.07734375
8 0.5464285714285714 0.7729166666666667 0.185 0.07890625
11 0.20642857142857143 0.5684895833333333 0.20892857142857144 0.10026041666666667
23 0.6503571428571429 0.58203125 0.15964285714285714 0.07109375
2 0.8532142857142857 0.5768229166666666 0.26964285714285713 0.05911458333333333
17 0.3628571428571429 0.7580729166666667 0.18428571428571427 0.13046875
7 0.5135714285714286 0.3971354166666667 0.13214285714285715 0.07057291666666667
6 0.8189285714285715 0.3575520833333333 0.27 0.14401041666666667
0 0.17392857142857143 0.4041666666666667 0.12571428571428572 0.06588541666666667
0 0.32535714285714284 0.40729166666666666 0.10428571428571429 0.05703125
16 0.7989285714285714 0.75703125 0.07785714285714286 0.07083333333333333
12 0.21285714285714286 0.79609375 0.2367857142857143 0.07942708333333333