7 0.8503571428571428 0.7234375 0.19464285714285715 0.0921875
0 0.2546428571428571 0.5268229166666667 0.10857142857142857 0.06953125
21 0.7825 0.8013020833333333 0.11928571428571429 0.090625
12 0.2367857142857143 0.5763020833333333 0.2714285714285714 0.05234375
21 0.6464285714285715 0.80234375 0.11357142857142857 0.06875
0 0.13357142857142856 0.52890625 0.1125 0.07916666666666666
16 0.5371428571428571 0.7377604166666667 0.20464285714285715 0.06666666666666667
10 0.8671428571428571 0.5161458333333333 0.24321428571428572 0.08411458333333334
23 0.2125 0.3734375 0.22321428571428573 0.04010416666666667
8 0.2367857142857143 0.7825520833333334 0.445 0.14921875
15 0.5253571428571429 0.5580729166666667 0.2914285714285714 0.05911458333333333