24 0.8157142857142857 0.7421875 0.33071428571428574 0.19088541666666667
23 0.36178571428571427 0.56484375 0.20107142857142857 0.09401041666666667
12 0.22464285714285714 0.7833333333333333 0.2092857142857143 0.075
15 0.4785714285714286 0.7734375 0.21071428571428572 0.0890625
4 0.5503571428571429 0.3924479166666667 0.21428571428571427 0.078125
6 0.8060714285714285 0.36223958333333334 0.23964285714285713 0.12942708333333333
14 0.11321428571428571 0.5486979166666667 0.11178571428571428 0.10286458333333333
11 0.7667857142857143 0.57109375 0.30964285714285716 0.10260416666666666
4 0.16607142857142856 0.34375 0.2692857142857143 0.19140625
9 0.33071428571428574 0.7302083333333333 0.15035714285714286 0.0734375
16 0.17142857142857143 0.4161458333333333 0.15571428571428572 0.036458333333333336
5 0.43964285714285717 0.39505208333333336 0.16357142857142856 0.08125