24 0.17821428571428571 0.67890625 0.3107142857142857 0.14557291666666666
23 0.2017857142857143 0.7765625 0.23607142857142857 0.09713541666666667
12 0.5835714285714285 0.82578125 0.2832142857142857 0.07317708333333334
9 0.46035714285714285 0.5361979166666667 0.1692857142857143 0.09505208333333333
10 0.09428571428571429 0.5203125 0.12857142857142856 0.11171875
4 0.47928571428571426 0.7546875 0.25392857142857145 0.07864583333333333
15 0.6435714285714286 0.5270833333333333 0.21285714285714286 0.09010416666666667
16 0.8171428571428572 0.5424479166666667 0.15892857142857142 0.059375
11 0.8835714285714286 0.77578125 0.23285714285714285 0.13177083333333334
4 0.8257142857142857 0.71640625 0.27071428571428574 0.15182291666666667
6 0.3217857142857143 0.5049479166666667 0.23392857142857143 0.10989583333333333