9 0.5171428571428571 0.7486979166666666 0.15178571428571427 0.08203125
6 0.7925 0.33697916666666666 0.2275 0.12213541666666666
12 0.31 0.7341145833333333 0.21392857142857144 0.054427083333333334
14 0.13 0.5208333333333334 0.11107142857142857 0.09401041666666667
24 0.8135714285714286 0.71171875 0.31892857142857145 0.184375
23 0.3707142857142857 0.5346354166666667 0.19535714285714287 0.08671875
11 0.7714285714285715 0.5388020833333333 0.30607142857142855 0.09036458333333333
5 0.2092857142857143 0.7747395833333334 0.18785714285714286 0.05182291666666667
16 0.18107142857142858 0.38359375 0.15214285714285714 0.03229166666666667
4 0.5507142857142857 0.3645833333333333 0.20892857142857144 0.07890625
4 0.17892857142857144 0.31692708333333336 0.25142857142857145 0.17682291666666666