9 0.9175 0.7518229166666667 0.15785714285714286 0.10625
22 0.48428571428571426 0.42630208333333336 0.30214285714285716 0.13619791666666667
16 0.8671428571428571 0.4864583333333333 0.15642857142857142 0.071875
12 0.26571428571428574 0.490625 0.17392857142857143 0.06510416666666667
23 0.88 0.8635416666666667 0.11035714285714286 0.05807291666666667
8 0.1682142857142857 0.48802083333333335 0.22428571428571428 0.07005208333333333
15 0.22321428571428573 0.7643229166666666 0.25785714285714284 0.07369791666666667
23 0.5742857142857143 0.8786458333333333 0.10178571428571428 0.08151041666666667
23 0.6739285714285714 0.8755208333333333 0.09821428571428571 0.07447916666666667
7 0.145 0.6734375 0.24428571428571427 0.10625
9 0.4592857142857143 0.6479166666666667 0.26035714285714284 0.14401041666666667
4 0.775 0.6950520833333333 0.2782142857142857 0.09921875
13 0.7925 0.4278645833333333 0.2735714285714286 0.07109375