9 0.25035714285714283 0.38229166666666664 0.2282142857142857 0.10130208333333333
3 0.7110714285714286 0.375 0.46964285714285714 0.10182291666666667
23 0.21071428571428572 0.60078125 0.1717857142857143 0.07317708333333334
16 0.13535714285714287 0.8278645833333333 0.12892857142857142 0.06302083333333333
15 0.8867857142857143 0.8377604166666667 0.18607142857142858 0.06510416666666667
12 0.5432142857142858 0.5994791666666667 0.18785714285714286 0.06510416666666667
4 0.5292857142857142 0.8158854166666667 0.31607142857142856 0.10338541666666666
14 0.8282142857142857 0.74453125 0.18857142857142858 0.07916666666666666
21 0.32285714285714284 0.77734375 0.24892857142857142 0.08046875
6 0.8285714285714286 0.5450520833333333 0.15535714285714286 0.13619791666666667
20 0.5964285714285714 0.76015625 0.19678571428571429 0.06901041666666667
10 0.8514285714285714 0.546875 0.28535714285714286 0.044270833333333336
8 0.4492857142857143 0.5932291666666667 0.31392857142857145 0.03229166666666667