24 0.6935714285714286 0.65859375 0.2885714285714286 0.20885416666666667
15 0.8153571428571429 0.5106770833333333 0.19428571428571428 0.05572916666666667
0 0.505 0.7190104166666667 0.10428571428571429 0.084375
12 0.24142857142857144 0.5401041666666667 0.18 0.06614583333333333
23 0.23785714285714285 0.7390625 0.1975 0.1109375
6 0.4207142857142857 0.5145833333333333 0.2007142857142857 0.11640625
9 0.9028571428571428 0.74140625 0.16892857142857143 0.09010416666666667
4 0.17107142857142857 0.3229166666666667 0.2764285714285714 0.16796875
14 0.875 0.3575520833333333 0.21035714285714285 0.09114583333333333
16 0.615 0.51328125 0.16857142857142857 0.05364583333333333
4 0.42892857142857144 0.68984375 0.039285714285714285 0.06744791666666666
12 0.4303571428571429 0.6903645833333333 0.04428571428571428 0.07239583333333334