22 0.22892857142857143 0.7114583333333333 0.18535714285714286 0.15234375
5 0.33 0.37578125 0.17785714285714285 0.049479166666666664
12 0.55 0.8041666666666667 0.09535714285714286 0.07213541666666666
12 0.28785714285714287 0.57734375 0.09821428571428571 0.050520833333333334
8 0.4860714285714286 0.7880208333333333 0.17285714285714285 0.07213541666666666
3 0.7317857142857143 0.34609375 0.38142857142857145 0.10078125
8 0.44107142857142856 0.5859375 0.25 0.040625
13 0.8082142857142857 0.5424479166666667 0.1382142857142857 0.06145833333333333
23 0.25214285714285717 0.8065104166666667 0.115 0.06536458333333334
12 0.5542857142857143 0.56953125 0.2275 0.06432291666666666
6 0.7492857142857143 0.7322916666666667 0.2807142857142857 0.15989583333333332