12 0.33535714285714285 0.7549479166666667 0.21571428571428572 0.07317708333333334
9 0.8185714285714286 0.31979166666666664 0.21 0.10859375
14 0.5239285714285714 0.68984375 0.08357142857142857 0.10364583333333334
10 0.57 0.503125 0.19214285714285714 0.09375
6 0.8310714285714286 0.75703125 0.22107142857142856 0.14140625
7 0.3657142857142857 0.5049479166666667 0.10035714285714285 0.05807291666666667
8 0.7375 0.5427083333333333 0.3871428571428571 0.08333333333333333
23 0.17214285714285715 0.7174479166666666 0.16785714285714284 0.06901041666666667
7 0.2764285714285714 0.5119791666666667 0.08357142857142857 0.059375
16 0.5885714285714285 0.359375 0.17285714285714285 0.045572916666666664
0 0.2675 0.34270833333333334 0.21535714285714286 0.08411458333333334
7 0.18964285714285714 0.51015625 0.09928571428571428 0.06901041666666667
15 0.2067857142857143 0.55859375 0.26321428571428573 0.07447916666666667
21 0.6878571428571428 0.7661458333333333 0.10285714285714286 0.10885416666666667
21 0.5814285714285714 0.7916666666666666 0.11392857142857143 0.07161458333333333