11 0.5489285714285714 0.8098958333333334 0.19964285714285715 0.11119791666666666
4 0.8439285714285715 0.5971354166666667 0.255 0.09401041666666667
9 0.43535714285714283 0.41744791666666664 0.17 0.05651041666666667
23 0.24464285714285713 0.7794270833333333 0.2057142857142857 0.07109375
12 0.19392857142857142 0.853125 0.21285714285714286 0.06979166666666667
24 0.8225 0.765625 0.3442857142857143 0.20729166666666668
6 0.11607142857142858 0.58359375 0.19714285714285715 0.13125
23 0.2975 0.7786458333333334 0.09642857142857143 0.06953125
16 0.3775 0.8138020833333334 0.12178571428571429 0.06276041666666667
23 0.18214285714285713 0.7828125 0.09178571428571429 0.06979166666666667
15 0.5385714285714286 0.59921875 0.25107142857142856 0.06171875