15 0.38321428571428573 0.7653645833333333 0.14964285714285713 0.06875
14 0.8057142857142857 0.6744791666666666 0.17285714285714285 0.08932291666666667
6 0.8046428571428571 0.47994791666666664 0.16285714285714287 0.11927083333333334
3 0.7871428571428571 0.3171875 0.37607142857142856 0.12526041666666668
9 0.21214285714285713 0.33880208333333334 0.19357142857142856 0.10130208333333333
10 0.17392857142857143 0.7307291666666667 0.19714285714285715 0.10026041666666667
20 0.5792857142857143 0.69453125 0.17785714285714285 0.07630208333333334
12 0.5232142857142857 0.54296875 0.20142857142857143 0.05520833333333333
23 0.19321428571428573 0.5466145833333333 0.16535714285714287 0.07005208333333333
16 0.8771428571428571 0.54375 0.12785714285714286 0.06354166666666666
8 0.4157142857142857 0.5309895833333333 0.3314285714285714 0.054427083333333334
4 0.31 0.6924479166666667 0.23392857142857143 0.09557291666666666
4 0.8435714285714285 0.7690104166666667 0.2692857142857143 0.10234375