8 0.8375 0.7369791666666666 0.28535714285714286 0.12421875
14 0.5842857142857143 0.6723958333333333 0.0875 0.08984375
6 0.2639285714285714 0.49296875 0.17392857142857143 0.10989583333333333
10 0.485 0.7278645833333334 0.17857142857142858 0.11328125
12 0.6364285714285715 0.5611979166666666 0.23964285714285713 0.05703125
9 0.6728571428571428 0.3453125 0.17464285714285716 0.10104166666666667
23 0.12857142857142856 0.7856770833333333 0.20642857142857143 0.07838541666666667
16 0.4789285714285714 0.52890625 0.15178571428571427 0.054427083333333334
21 0.8892857142857142 0.5447916666666667 0.1992857142857143 0.07473958333333333
0 0.3057142857142857 0.7049479166666667 0.1457142857142857 0.09635416666666667
15 0.21107142857142858 0.5552083333333333 0.3092857142857143 0.08489583333333334
4 0.18464285714285714 0.3260416666666667 0.2739285714285714 0.1484375