22 0.2425 0.71328125 0.18107142857142858 0.15104166666666666
3 0.29285714285714287 0.36822916666666666 0.3796428571428571 0.09348958333333333
5 0.4492857142857143 0.5596354166666667 0.15857142857142856 0.06822916666666666
12 0.5507142857142857 0.809375 0.0925 0.06875
12 0.30107142857142855 0.59140625 0.09642857142857143 0.04869791666666667
8 0.4853571428571429 0.7916666666666666 0.16857142857142857 0.06979166666666667
12 0.6646428571428571 0.5872395833333334 0.2692857142857143 0.06510416666666667
8 0.5235714285714286 0.5953125 0.215 0.04088541666666667
6 0.7510714285714286 0.7447916666666666 0.2764285714285714 0.14401041666666667
23 0.26571428571428574 0.80859375 0.11392857142857143 0.07239583333333334
13 0.5228571428571429 0.3927083333333333 0.16607142857142856 0.06171875