22 0.5492857142857143 0.7125 0.2507142857142857 0.13020833333333334
15 0.7967857142857143 0.7450520833333333 0.21607142857142858 0.06328125
12 0.4617857142857143 0.5447916666666667 0.23785714285714285 0.04791666666666667
8 0.27071428571428574 0.58203125 0.265 0.05130208333333333
16 0.8160714285714286 0.79765625 0.17714285714285713 0.055989583333333336
9 0.13 0.775 0.16892857142857143 0.09401041666666667
4 0.8553571428571428 0.5182291666666666 0.2892857142857143 0.13984375
23 0.5860714285714286 0.5635416666666667 0.09035714285714286 0.065625
13 0.29 0.37447916666666664 0.175 0.05546875
13 0.6703571428571429 0.5440104166666667 0.08214285714285714 0.012239583333333333
23 0.6253571428571428 0.5643229166666667 0.1725 0.07395833333333333