5 0.45 0.5479166666666667 0.16535714285714287 0.06067708333333333
3 0.28964285714285715 0.3578125 0.3807142857142857 0.09583333333333334
23 0.8260714285714286 0.5752604166666667 0.09107142857142857 0.06276041666666667
12 0.49607142857142855 0.8104166666666667 0.18857142857142858 0.055989583333333336
12 0.29035714285714287 0.5869791666666667 0.08464285714285714 0.048177083333333336
22 0.5182142857142857 0.7125 0.22714285714285715 0.13645833333333332
8 0.46714285714285714 0.5846354166666666 0.2507142857142857 0.040364583333333336
8 0.225 0.5921875 0.09964285714285714 0.04869791666666667
12 0.38035714285714284 0.80625 0.18392857142857144 0.06640625
13 0.5285714285714286 0.3815104166666667 0.15892857142857142 0.07005208333333333
6 0.7578571428571429 0.7473958333333334 0.2835714285714286 0.15494791666666666