5 0.6742857142857143 0.3484375 0.15928571428571428 0.09348958333333333
12 0.09392857142857143 0.37005208333333334 0.18785714285714286 0.10546875
24 0.7053571428571429 0.5302083333333333 0.3125 0.18307291666666667
21 0.30964285714285716 0.36171875 0.235 0.07786458333333333
23 0.11107142857142857 0.1625 0.21571428571428572 0.07734375
4 0.8732142857142857 0.3776041666666667 0.22392857142857142 0.06354166666666666
16 0.21107142857142858 0.61171875 0.22071428571428572 0.07447916666666667
4 0.8525 0.109375 0.29464285714285715 0.15677083333333333
6 0.19428571428571428 0.5369791666666667 0.17964285714285713 0.11015625
9 0.18 0.728125 0.18785714285714286 0.0796875
15 0.4382142857142857 0.60625 0.3442857142857143 0.1015625