23 0.18785714285714286 0.56328125 0.29285714285714287 0.08776041666666666
9 0.15571428571428572 0.3815104166666667 0.16392857142857142 0.11067708333333333
0 0.48142857142857143 0.546875 0.10857142857142857 0.09140625
16 0.15857142857142856 0.7776041666666667 0.13107142857142856 0.09322916666666667
4 0.7871428571428571 0.7828125 0.2639285714285714 0.08255208333333333
21 0.5864285714285714 0.7283854166666667 0.14964285714285713 0.09817708333333333
12 0.5728571428571428 0.41015625 0.3364285714285714 0.038802083333333334
14 0.8457142857142858 0.37916666666666665 0.21607142857142858 0.09427083333333333
20 0.755 0.7229166666666667 0.23214285714285715 0.057291666666666664
6 0.24107142857142858 0.3763020833333333 0.1682142857142857 0.12291666666666666
15 0.8171428571428572 0.57265625 0.21392857142857144 0.084375