12 0.8553571428571428 0.5979166666666667 0.13714285714285715 0.06041666666666667
23 0.8485714285714285 0.82734375 0.19357142857142856 0.07473958333333333
6 0.4660714285714286 0.37552083333333336 0.2057142857142857 0.11041666666666666
8 0.675 0.603125 0.275 0.07109375
4 0.42714285714285716 0.5723958333333333 0.2782142857142857 0.08098958333333334
20 0.18821428571428572 0.59453125 0.12142857142857143 0.08776041666666666
14 0.23964285714285713 0.7588541666666667 0.15214285714285714 0.10286458333333333
10 0.3742857142857143 0.8013020833333333 0.25285714285714284 0.10026041666666667
20 0.07678571428571429 0.5973958333333333 0.10285714285714286 0.0734375
13 0.7378571428571429 0.396875 0.085 0.05755208333333333
16 0.6042857142857143 0.8330729166666667 0.16464285714285715 0.0703125