9 0.8642857142857143 0.7869791666666667 0.18785714285714286 0.13489583333333333
15 0.44571428571428573 0.6049479166666667 0.18464285714285714 0.05911458333333333
3 0.28464285714285714 0.38828125 0.39285714285714285 0.09505208333333333
6 0.7896428571428571 0.521875 0.15678571428571428 0.07838541666666667
12 0.165 0.8151041666666666 0.1957142857142857 0.07161458333333333
14 0.2575 0.56484375 0.20214285714285715 0.09817708333333333
21 0.28214285714285714 0.7591145833333334 0.1357142857142857 0.04348958333333333
20 0.7560714285714286 0.5825520833333333 0.2225 0.07265625
8 0.4392857142857143 0.8341145833333333 0.4692857142857143 0.05625
10 0.6978571428571428 0.7265625 0.2525 0.07942708333333333
4 0.5671428571428572 0.7541666666666667 0.20642857142857143 0.11119791666666666
21 0.44857142857142857 0.7861979166666667 0.215 0.07291666666666667