12 0.8621428571428571 0.5739583333333333 0.24214285714285713 0.07083333333333333
24 0.7278571428571429 0.7177083333333333 0.2807142857142857 0.15755208333333334
23 0.9092857142857143 0.7950520833333333 0.12571428571428572 0.08307291666666666
23 0.2785714285714286 0.7841145833333333 0.19892857142857143 0.09791666666666667
16 0.49892857142857144 0.5763020833333333 0.08071428571428571 0.0609375
16 0.6089285714285714 0.5794270833333334 0.08357142857142857 0.05859375
20 0.18035714285714285 0.5674479166666667 0.13892857142857143 0.08359375
5 0.1382142857142857 0.3692708333333333 0.19678571428571429 0.07682291666666667
8 0.2839285714285714 0.57421875 0.2 0.090625
8 0.7821428571428571 0.36354166666666665 0.23214285714285715 0.08854166666666667
11 0.5542857142857143 0.8065104166666667 0.30892857142857144 0.13359375