8 0.8075 0.80703125 0.1332142857142857 0.10364583333333334
23 0.21321428571428572 0.5763020833333333 0.12142857142857143 0.08177083333333333
9 0.13535714285714287 0.77265625 0.25892857142857145 0.13776041666666666
7 0.4725 0.7481770833333333 0.11928571428571429 0.06744791666666666
12 0.7153571428571428 0.8119791666666667 0.20392857142857143 0.0984375
22 0.7692857142857142 0.36328125 0.34464285714285714 0.12630208333333334
12 0.4835714285714286 0.8158854166666667 0.13892857142857143 0.08619791666666667
23 0.4425 0.58359375 0.07392857142857143 0.05260416666666667
16 0.5492857142857143 0.5802083333333333 0.07 0.05130208333333333
23 0.3267857142857143 0.5739583333333333 0.105 0.06848958333333334
13 0.4035714285714286 0.384375 0.2742857142857143 0.06848958333333334
4 0.7942857142857143 0.5768229166666666 0.2782142857142857 0.11822916666666666