3 0.2814285714285714 0.7229166666666667 0.2375 0.17395833333333333
5 0.7960714285714285 0.35859375 0.2 0.06015625
7 0.8510714285714286 0.5684895833333333 0.16464285714285715 0.10234375
11 0.8596428571428572 0.7908854166666667 0.21071428571428572 0.12083333333333333
23 0.09857142857142857 0.7986979166666667 0.09464285714285714 0.0671875
9 0.6489285714285714 0.7505208333333333 0.2392857142857143 0.13411458333333334
16 0.6464285714285715 0.8322916666666667 0.13785714285714284 0.0703125
23 0.23214285714285715 0.79140625 0.09678571428571428 0.06822916666666666
14 0.14892857142857144 0.54453125 0.18642857142857142 0.10416666666666667
22 0.7242857142857143 0.5294270833333333 0.24928571428571428 0.13854166666666667
13 0.23607142857142857 0.36640625 0.29035714285714287 0.047135416666666666