10 0.5239285714285714 0.7619791666666667 0.2 0.075
12 0.8678571428571429 0.57578125 0.2642857142857143 0.05078125
21 0.8607142857142858 0.7747395833333334 0.225 0.07708333333333334
3 0.5142857142857142 0.36484375 0.36892857142857144 0.10703125
15 0.6439285714285714 0.57109375 0.22142857142857142 0.05390625
4 0.34214285714285714 0.7122395833333334 0.2557142857142857 0.06901041666666667
14 0.84 0.6924479166666667 0.16892857142857143 0.08619791666666667
8 0.22785714285714287 0.57734375 0.2667857142857143 0.09375
16 0.4546428571428571 0.5677083333333334 0.07392857142857143 0.052083333333333336
9 0.8275 0.35390625 0.22035714285714286 0.11354166666666667
6 0.19678571428571429 0.37786458333333334 0.19642857142857142 0.09869791666666666
23 0.5978571428571429 0.71328125 0.13392857142857142 0.05234375
21 0.6964285714285714 0.7692708333333333 0.06964285714285715 0.05
3 0.7675 0.9859375 0.29428571428571426 0.027864583333333335
16 0.3846428571428571 0.57109375 0.06142857142857143 0.050520833333333334
20 0.19678571428571429 0.7783854166666667 0.10035714285714285 0.09453125
20 0.3125 0.7752604166666667 0.08357142857142857 0.06796875