24 0.715 0.5588541666666667 0.2382142857142857 0.13151041666666666
12 0.20607142857142857 0.44973958333333336 0.16857142857142857 0.0859375
4 0.6696428571428571 0.43723958333333335 0.19142857142857142 0.08151041666666667
21 0.3792857142857143 0.44244791666666666 0.19 0.0671875
9 0.27464285714285713 0.7463541666666667 0.15892857142857142 0.06875
4 0.8485714285714285 0.45026041666666666 0.17285714285714285 0.055989583333333336
15 0.7310714285714286 0.2765625 0.22 0.05078125
20 0.8014285714285714 0.63984375 0.07392857142857143 0.06901041666666667
5 0.25035714285714283 0.6403645833333333 0.15642857142857142 0.0921875
14 0.645 0.7395833333333334 0.17642857142857143 0.06484375
20 0.5189285714285714 0.6252604166666667 0.17142857142857143 0.08411458333333334
21 0.5132142857142857 0.4453125 0.08178571428571428 0.053385416666666664
6 0.29642857142857143 0.5940104166666667 0.13892857142857143 0.10078125