8 0.6528571428571428 0.7502604166666667 0.1925 0.09661458333333334
23 0.11928571428571429 0.5963541666666666 0.12821428571428573 0.08046875
16 0.42428571428571427 0.775 0.11535714285714285 0.09713541666666667
16 0.6357142857142857 0.6140625 0.1442857142857143 0.06458333333333334
0 0.5196428571428572 0.571875 0.10964285714285714 0.09192708333333334
4 0.33214285714285713 0.7286458333333333 0.18678571428571428 0.078125
15 0.8678571428571429 0.6049479166666667 0.21392857142857144 0.07864583333333333
6 0.32035714285714284 0.5497395833333333 0.20857142857142857 0.11328125
23 0.5753571428571429 0.40182291666666664 0.21892857142857142 0.05859375
16 0.16964285714285715 0.7971354166666667 0.12285714285714286 0.07057291666666667
14 0.9053571428571429 0.3953125 0.18857142857142858 0.10625