12 0.6182142857142857 0.42734375 0.37535714285714283 0.0578125
9 0.1725 0.40182291666666664 0.1767857142857143 0.0890625
23 0.10928571428571429 0.5932291666666667 0.14214285714285715 0.08046875
16 0.15714285714285714 0.7934895833333333 0.13035714285714287 0.07473958333333333
0 0.5092857142857142 0.5643229166666667 0.13107142857142856 0.11484375
16 0.6407142857142857 0.6151041666666667 0.18464285714285714 0.07630208333333334
15 0.8696428571428572 0.6033854166666667 0.24642857142857144 0.10078125
23 0.43464285714285716 0.7729166666666667 0.20142857142857143 0.08151041666666667
4 0.8339285714285715 0.8270833333333333 0.32392857142857145 0.10729166666666666
21 0.6160714285714286 0.7609375 0.13392857142857142 0.11328125
20 0.8035714285714286 0.7596354166666667 0.3028571428571429 0.084375
6 0.2782142857142857 0.378125 0.19892857142857143 0.13567708333333334