12 0.7114285714285714 0.5640625 0.14892857142857144 0.06197916666666667
14 0.3271428571428571 0.5127604166666667 0.16642857142857143 0.09375
9 0.21035714285714285 0.34921875 0.19 0.1015625
15 0.51 0.80390625 0.3357142857142857 0.06927083333333334
12 0.8814285714285715 0.5622395833333333 0.1775 0.04973958333333333
12 0.5346428571428572 0.5671875 0.2042857142857143 0.04921875
6 0.7842857142857143 0.3263020833333333 0.22071428571428572 0.115625
23 0.27035714285714285 0.76328125 0.15035714285714286 0.0703125
20 0.15535714285714286 0.5515625 0.21214285714285713 0.06927083333333334
13 0.4303571428571429 0.36822916666666666 0.08357142857142857 0.05572916666666667
4 0.5521428571428572 0.51171875 0.26571428571428574 0.07838541666666667
16 0.8425 0.7856770833333333 0.1757142857142857 0.08802083333333334