12 0.8789285714285714 0.6015625 0.18178571428571427 0.04921875
4 0.6635714285714286 0.39791666666666664 0.21821428571428572 0.0625
23 0.6282142857142857 0.5736979166666667 0.13428571428571429 0.06458333333333334
14 0.7696428571428572 0.77265625 0.17535714285714285 0.10833333333333334
8 0.18357142857142858 0.5966145833333333 0.32785714285714285 0.096875
10 0.33214285714285713 0.7419270833333333 0.21107142857142858 0.0875
20 0.20035714285714284 0.7973958333333333 0.20107142857142857 0.0921875
14 0.8167857142857143 0.77109375 0.08714285714285715 0.10755208333333334
13 0.1657142857142857 0.41953125 0.08785714285714286 0.06588541666666667
16 0.4471428571428571 0.58671875 0.13357142857142856 0.059375
21 0.5375 0.7872395833333333 0.1725 0.10078125