8 0.5375 0.56875 0.33785714285714286 0.07057291666666667
10 0.4125 0.7528645833333333 0.18428571428571427 0.09609375
20 0.2417857142857143 0.55703125 0.20392857142857143 0.07890625
6 0.8642857142857143 0.7427083333333333 0.1982142857142857 0.128125
23 0.6507142857142857 0.37057291666666664 0.08678571428571429 0.04921875
23 0.775 0.36953125 0.08321428571428571 0.04895833333333333
4 0.2810714285714286 0.71484375 0.26785714285714285 0.07864583333333333
14 0.4682142857142857 0.3611979166666667 0.1742857142857143 0.11067708333333333
13 0.7375 0.54921875 0.10178571428571428 0.08854166666666667
16 0.6103571428571428 0.7776041666666667 0.1367857142857143 0.07447916666666667
12 0.7389285714285714 0.8119791666666667 0.2332142857142857 0.06640625