14 0.8089285714285714 0.76328125 0.09892857142857144 0.10651041666666666
8 0.1992857142857143 0.5598958333333334 0.3425 0.09947916666666666
12 0.6378571428571429 0.5609375 0.07821428571428571 0.05625
14 0.8946428571428572 0.7596354166666667 0.09892857142857144 0.11119791666666666
10 0.3510714285714286 0.725 0.21035714285714285 0.08828125
21 0.6114285714285714 0.740625 0.22607142857142856 0.07109375
13 0.175 0.37395833333333334 0.08392857142857142 0.055989583333333336
16 0.41214285714285714 0.5658854166666667 0.16071428571428573 0.06380208333333333
23 0.19178571428571428 0.7854166666666667 0.12928571428571428 0.08515625
20 0.8667857142857143 0.5385416666666667 0.20857142857142857 0.08880208333333334
4 0.7203571428571428 0.35078125 0.26857142857142857 0.07890625