11 0.8267857142857142 0.6033854166666667 0.19892857142857143 0.11015625
12 0.1475 0.62890625 0.2367857142857143 0.07109375
6 0.6975 0.2203125 0.18107142857142858 0.09140625
5 0.15607142857142858 0.23151041666666666 0.1442857142857143 0.059375
15 0.5739285714285715 0.40963541666666664 0.19285714285714287 0.06484375
10 0.8407142857142857 0.21588541666666666 0.11678571428571428 0.09635416666666667
1 0.14714285714285713 0.40260416666666665 0.16464285714285715 0.084375
9 0.895 0.41640625 0.18785714285714286 0.0828125
23 0.3532142857142857 0.23776041666666667 0.12642857142857142 0.04192708333333333
24 0.48892857142857143 0.5489583333333333 0.26107142857142857 0.14947916666666666
16 0.7110714285714286 0.41901041666666666 0.12285714285714286 0.04505208333333333
23 0.46785714285714286 0.23723958333333334 0.12 0.04505208333333333
4 0.30357142857142855 0.38723958333333336 0.23857142857142857 0.13567708333333334
4 0.6725 0.6421875 0.25 0.10729166666666666