24 0.2875 0.7427083333333333 0.3067857142857143 0.19375
10 0.2382142857142857 0.5859375 0.10035714285714285 0.07916666666666666
12 0.35 0.5903645833333333 0.12107142857142857 0.052083333333333336
11 0.8903571428571428 0.7833333333333333 0.21214285714285713 0.10598958333333333
9 0.8167857142857143 0.5755208333333334 0.1425 0.06875
23 0.5360714285714285 0.7515625 0.085 0.06354166666666666
4 0.6257142857142857 0.80625 0.22321428571428573 0.0765625
23 0.4617857142857143 0.75234375 0.061785714285714284 0.061197916666666664
16 0.7339285714285714 0.5989583333333334 0.13964285714285715 0.04973958333333333
4 0.18678571428571428 0.40859375 0.27285714285714285 0.08098958333333334
15 0.5296428571428572 0.5919270833333333 0.31892857142857145 0.06953125
6 0.7260714285714286 0.39817708333333335 0.2332142857142857 0.0984375