12 0.9053571428571429 0.3796875 0.18714285714285714 0.07630208333333334
11 0.9375 0.60859375 0.125 0.1296875
14 0.7332142857142857 0.33567708333333335 0.2642857142857143 0.11588541666666667
4 0.15142857142857144 0.5997395833333333 0.28785714285714287 0.23645833333333333
5 0.21285714285714286 0.7940104166666667 0.21464285714285714 0.09322916666666667
15 0.16 0.39505208333333336 0.21321428571428572 0.04869791666666667
16 0.3767857142857143 0.3859375 0.19 0.07213541666666666
4 0.6232142857142857 0.625 0.15857142857142856 0.1171875
15 0.42857142857142855 0.3546875 0.34535714285714286 0.11796875
23 0.43785714285714283 0.5809895833333333 0.22035714285714286 0.09739583333333333
6 0.7396428571428572 0.5809895833333333 0.20785714285714285 0.14348958333333334