9 0.25392857142857145 0.7236979166666667 0.22678571428571428 0.10859375
23 0.21928571428571428 0.5518229166666667 0.08928571428571429 0.07005208333333333
23 0.4325 0.5455729166666666 0.09035714285714286 0.062239583333333334
23 0.3264285714285714 0.5533854166666666 0.08428571428571428 0.07526041666666666
16 0.7614285714285715 0.7817708333333333 0.07178571428571429 0.05026041666666667
16 0.8371428571428572 0.7861979166666667 0.07178571428571429 0.05
13 0.5542857142857143 0.7565104166666666 0.24607142857142858 0.09192708333333334
7 0.8482142857142857 0.3697916666666667 0.11535714285714285 0.07005208333333333
7 0.7067857142857142 0.37578125 0.13107142857142856 0.05520833333333333
22 0.7389285714285714 0.5143229166666666 0.26571428571428574 0.12578125
8 0.8075 0.5916666666666667 0.3075 0.061197916666666664