24 0.22285714285714286 0.49583333333333335 0.3003571428571429 0.16927083333333334
5 0.11428571428571428 0.146875 0.16535714285714287 0.06822916666666666
11 0.8921428571428571 0.5567708333333333 0.20892857142857144 0.13515625
10 0.8892857142857142 0.10546875 0.13607142857142857 0.11223958333333334
12 0.37285714285714283 0.5950520833333334 0.18964285714285714 0.08489583333333334
15 0.6085714285714285 0.3463541666666667 0.17464285714285716 0.03854166666666667
4 0.13535714285714287 0.6010416666666667 0.22892857142857143 0.0796875
4 0.1825 0.3411458333333333 0.22857142857142856 0.1
6 0.7203571428571428 0.11328125 0.2032142857142857 0.10338541666666666
9 0.3603571428571429 0.34036458333333336 0.1825 0.09401041666666667
23 0.3339285714285714 0.14921875 0.13428571428571429 0.05026041666666667
1 0.6746428571428571 0.5822916666666667 0.20535714285714285 0.12005208333333334
23 0.4592857142857143 0.14765625 0.14535714285714285 0.0515625
16 0.745 0.33828125 0.11035714285714286 0.05807291666666667
23 0.3992857142857143 0.14479166666666668 0.26964285714285713 0.05130208333333333
15 0.9096428571428572 0.34322916666666664 0.18071428571428572 0.07083333333333333