7 0.3325 0.79296875 0.24964285714285714 0.10364583333333334
12 0.8403571428571428 0.7921875 0.18285714285714286 0.10104166666666667
8 0.5389285714285714 0.7427083333333333 0.4732142857142857 0.08177083333333333
23 0.19285714285714287 0.7223958333333333 0.18785714285714286 0.08671875
10 0.7810714285714285 0.2953125 0.3942857142857143 0.08932291666666667
15 0.8535714285714285 0.5044270833333333 0.2282142857142857 0.06666666666666667
21 0.6717857142857143 0.5359375 0.16964285714285715 0.08203125
21 0.5332142857142858 0.53515625 0.11107142857142857 0.06328125
20 0.41464285714285715 0.534375 0.17892857142857144 0.11041666666666666
16 0.10964285714285714 0.5427083333333333 0.19642857142857142 0.0859375
0 0.29178571428571426 0.31927083333333334 0.40964285714285714 0.08125