3 0.26107142857142857 0.40390625 0.4253571428571429 0.08463541666666667
9 0.7564285714285715 0.3932291666666667 0.21928571428571428 0.10859375
12 0.17642857142857143 0.62890625 0.2775 0.06302083333333333
23 0.27035714285714285 0.5908854166666667 0.17035714285714285 0.051041666666666666
20 0.5253571428571429 0.58984375 0.16892857142857143 0.07578125
6 0.7957142857142857 0.5552083333333333 0.1692857142857143 0.11848958333333333
15 0.8396428571428571 0.6174479166666667 0.2325 0.07161458333333333
14 0.845 0.81953125 0.21857142857142858 0.11640625
21 0.25214285714285717 0.8408854166666667 0.21892857142857142 0.07447916666666667
4 0.5703571428571429 0.7807291666666667 0.20214285714285715 0.10052083333333334
10 0.7010714285714286 0.7559895833333333 0.2392857142857143 0.10182291666666667
16 0.26964285714285713 0.7828125 0.1442857142857143 0.04114583333333333
8 0.5242857142857142 0.84609375 0.3442857142857143 0.0890625