5 0.7035714285714286 0.5322916666666667 0.17214285714285715 0.08515625
14 0.26535714285714285 0.68203125 0.17464285714285716 0.0890625
16 0.33 0.7833333333333333 0.09571428571428571 0.07265625
10 0.4232142857142857 0.4744791666666667 0.1792857142857143 0.06510416666666667
3 0.6685714285714286 0.33515625 0.4932142857142857 0.1140625
13 0.33285714285714285 0.35833333333333334 0.14285714285714285 0.053385416666666664
16 0.42678571428571427 0.7770833333333333 0.07607142857142857 0.054427083333333334
23 0.44285714285714284 0.5458333333333333 0.2342857142857143 0.07578125
15 0.7410714285714286 0.74375 0.4317857142857143 0.07994791666666666
6 0.12571428571428572 0.7809895833333333 0.17857142857142858 0.09296875
8 0.22535714285714287 0.5505208333333333 0.20357142857142857 0.08359375