6 0.7567857142857143 0.32578125 0.21321428571428572 0.08802083333333334
11 0.42607142857142855 0.70859375 0.18821428571428572 0.10546875
5 0.1525 0.35078125 0.15 0.0578125
15 0.47 0.5291666666666667 0.18821428571428572 0.05859375
10 0.9221428571428572 0.7322916666666667 0.12071428571428572 0.1390625
24 0.7635714285714286 0.6692708333333334 0.2714285714285714 0.15546875
9 0.9121428571428571 0.52734375 0.1732142857142857 0.08723958333333333
16 0.6142857142857143 0.5333333333333333 0.12214285714285714 0.046875
12 0.37642857142857145 0.7778645833333333 0.19785714285714287 0.08567708333333333
15 0.7375 0.5361979166666667 0.14392857142857143 0.03567708333333333
23 0.21607142857142858 0.5403645833333334 0.14642857142857144 0.0828125
4 0.17285714285714285 0.7018229166666666 0.2342857142857143 0.1796875
1 0.1442857142857143 0.7609375 0.18464285714285714 0.12291666666666666
4 0.6546428571428572 0.7763020833333333 0.2867857142857143 0.08411458333333334