7 0.7421428571428571 0.72109375 0.2117857142857143 0.08359375
12 0.35964285714285715 0.7934895833333333 0.18321428571428572 0.07395833333333333
23 0.1425 0.41354166666666664 0.15964285714285714 0.04583333333333333
8 0.6535714285714286 0.6158854166666666 0.6471428571428571 0.07864583333333333
14 0.5228571428571429 0.7213541666666666 0.0925 0.10598958333333333
15 0.20392857142857143 0.6075520833333333 0.28285714285714286 0.06197916666666667
6 0.3985714285714286 0.3765625 0.18607142857142858 0.1
10 0.6475 0.5346354166666667 0.1692857142857143 0.06979166666666667
16 0.3525 0.5625 0.08821428571428572 0.0625
9 0.7871428571428571 0.359375 0.21535714285714286 0.1109375
0 0.16178571428571428 0.7986979166666667 0.24035714285714285 0.10885416666666667
21 0.6810714285714285 0.8033854166666666 0.18821428571428572 0.09375