21 0.14964285714285713 0.7075520833333333 0.125 0.11822916666666666
24 0.7942857142857143 0.6463541666666667 0.28 0.13932291666666666
23 0.5932142857142857 0.49583333333333335 0.2017857142857143 0.09583333333333334
11 0.8235714285714286 0.4979166666666667 0.27035714285714285 0.08880208333333334
5 0.6385714285714286 0.32890625 0.1742857142857143 0.07265625
6 0.8142857142857143 0.29583333333333334 0.20357142857142857 0.11927083333333334
4 0.18821428571428572 0.27734375 0.24678571428571427 0.16432291666666668
4 0.4025 0.49609375 0.17535714285714285 0.10234375
15 0.6453571428571429 0.7033854166666667 0.18714285714285714 0.10963541666666667
21 0.20607142857142857 0.6817708333333333 0.10464285714285715 0.06458333333333334
20 0.24571428571428572 0.7322916666666667 0.08142857142857143 0.07161458333333333
20 0.32821428571428574 0.70625 0.08392857142857142 0.06796875
12 0.42607142857142855 0.34921875 0.24214285714285713 0.04192708333333333
9 0.16285714285714287 0.33177083333333335 0.20035714285714284 0.07682291666666667
14 0.13142857142857142 0.50546875 0.09071428571428572 0.075
16 0.235 0.50703125 0.1025 0.050520833333333334