15 0.7489285714285714 0.7463541666666667 0.14607142857142857 0.06145833333333333
11 0.8142857142857143 0.5401041666666667 0.17857142857142858 0.08958333333333333
8 0.20857142857142857 0.5692708333333333 0.20107142857142857 0.05911458333333333
23 0.6275 0.55625 0.13892857142857143 0.05807291666666667
7 0.51 0.39375 0.11357142857142857 0.0609375
17 0.3767857142857143 0.7122395833333334 0.16642857142857143 0.11354166666666667
2 0.44035714285714284 0.5458333333333333 0.3242857142857143 0.05546875
16 0.7303571428571428 0.6979166666666666 0.1 0.05546875
12 0.2475 0.7424479166666667 0.22285714285714286 0.07265625
0 0.3417857142857143 0.4015625 0.10142857142857142 0.05755208333333333
6 0.7703571428571429 0.35911458333333335 0.24035714285714285 0.125
6 0.21 0.39869791666666665 0.10714285714285714 0.054427083333333334