15 0.5846428571428571 0.73984375 0.1875 0.04739583333333333
11 0.8028571428571428 0.5283854166666667 0.1775 0.0890625
23 0.6171428571428571 0.5565104166666667 0.15392857142857144 0.06041666666666667
6 0.7360714285714286 0.6557291666666667 0.1775 0.1109375
16 0.7507142857142857 0.73671875 0.15821428571428572 0.05546875
12 0.4375 0.8171875 0.2357142857142857 0.03984375
10 0.5475 0.6973958333333333 0.08285714285714285 0.058854166666666666
17 0.4039285714285714 0.6700520833333333 0.15428571428571428 0.11145833333333334
0 0.1767857142857143 0.5447916666666667 0.16535714285714287 0.09895833333333333
8 0.3246428571428571 0.5338541666666666 0.22 0.0578125
7 0.29464285714285715 0.7309895833333333 0.10928571428571429 0.08828125
2 0.2067857142857143 0.7221354166666667 0.20892857142857144 0.1