7 0.13607142857142857 0.3296875 0.2332142857142857 0.09453125
3 0.7892857142857143 0.15989583333333332 0.35642857142857143 0.13072916666666667
12 0.7614285714285715 0.5104166666666666 0.3267857142857143 0.10494791666666667
23 0.7346428571428572 0.44166666666666665 0.17285714285714285 0.03567708333333333
23 0.7342857142857143 0.3697916666666667 0.17464285714285716 0.04296875
15 0.47285714285714286 0.30234375 0.17 0.0703125
14 0.5839285714285715 0.28411458333333334 0.15642857142857142 0.04609375
9 0.8392857142857143 0.3377604166666667 0.2092857142857143 0.0921875
6 0.30642857142857144 0.384375 0.13785714285714284 0.03411458333333333
6 0.29964285714285716 0.44166666666666665 0.14392857142857143 0.037760416666666664
16 0.18321428571428572 0.5080729166666667 0.16 0.07291666666666667