12 0.3067857142857143 0.7651041666666667 0.21571428571428572 0.0796875
21 0.5182142857142857 0.7072916666666667 0.16785714285714284 0.08020833333333334
9 0.7478571428571429 0.67890625 0.16214285714285714 0.11171875
23 0.9025 0.7643229166666666 0.15 0.09244791666666667
16 0.6957142857142857 0.5520833333333334 0.14214285714285715 0.06875
6 0.3889285714285714 0.3453125 0.1675 0.10078125
7 0.13464285714285715 0.54453125 0.17892857142857144 0.09427083333333333
10 0.49178571428571427 0.5088541666666667 0.13428571428571429 0.07838541666666667
16 0.5671428571428572 0.5403645833333334 0.06785714285714285 0.05182291666666667
14 0.8503571428571428 0.5028645833333333 0.12071428571428572 0.10598958333333333
15 0.3125 0.5221354166666666 0.19642857142857142 0.055989583333333336
8 0.5471428571428572 0.37916666666666665 0.225 0.05234375
0 0.23035714285714284 0.7083333333333334 0.1775 0.0921875