23 0.2764285714285714 0.7841145833333333 0.15107142857142858 0.07369791666666667
12 0.7246428571428571 0.5877604166666667 0.15428571428571428 0.06510416666666667
12 0.5407142857142857 0.5901041666666667 0.205 0.05364583333333333
12 0.8942857142857142 0.584375 0.1767857142857143 0.05026041666666667
14 0.33714285714285713 0.5317708333333333 0.16607142857142856 0.09479166666666666
15 0.5207142857142857 0.8317708333333333 0.33535714285714285 0.07135416666666666
6 0.6875 0.7307291666666667 0.18071428571428572 0.1140625
20 0.15714285714285714 0.5713541666666667 0.20607142857142857 0.07291666666666667
16 0.7521428571428571 0.39140625 0.1757142857142857 0.03411458333333333
13 0.44107142857142856 0.3885416666666667 0.08357142857142857 0.06666666666666667
9 0.21678571428571428 0.37083333333333335 0.19857142857142857 0.10598958333333333
4 0.5671428571428572 0.5354166666666667 0.25785714285714284 0.08125