7 0.16857142857142857 0.8268229166666666 0.12571428571428572 0.08463541666666667
2 0.27535714285714286 0.7770833333333333 0.20107142857142857 0.06536458333333334
12 0.17964285714285713 0.63046875 0.23107142857142857 0.06380208333333333
17 0.6903571428571429 0.5653645833333333 0.1675 0.10677083333333333
23 0.4639285714285714 0.6359375 0.2367857142857143 0.06796875
8 0.4639285714285714 0.8299479166666667 0.2692857142857143 0.07291666666666667
16 0.7771428571428571 0.8158854166666667 0.17 0.06666666666666667
15 0.7546428571428572 0.7763020833333333 0.12821428571428573 0.0421875
6 0.5382142857142858 0.7458333333333333 0.24285714285714285 0.109375
11 0.4760714285714286 0.5705729166666667 0.19142857142857142 0.05755208333333333
10 0.6360714285714286 0.8333333333333334 0.09428571428571429 0.05911458333333333
10 0.8525 0.6140625 0.22678571428571428 0.10104166666666667