24 0.21892857142857142 0.7078125 0.3507142857142857 0.2171875
12 0.43107142857142855 0.7830729166666667 0.15357142857142858 0.08958333333333333
16 0.6617857142857143 0.5208333333333334 0.12392857142857143 0.04895833333333333
23 0.5482142857142858 0.7033854166666667 0.18392857142857144 0.05859375
15 0.43607142857142855 0.5119791666666667 0.31464285714285717 0.06875
11 0.8892857142857142 0.74921875 0.22107142857142856 0.12083333333333333
4 0.57 0.2903645833333333 0.3 0.14114583333333333
9 0.8117857142857143 0.5065104166666666 0.1667857142857143 0.07786458333333333
10 0.10392857142857143 0.5229166666666667 0.10928571428571429 0.07942708333333333
4 0.6089285714285714 0.7411458333333333 0.2092857142857143 0.06614583333333333
6 0.7053571428571429 0.2986979166666667 0.2671428571428571 0.10234375