8 0.8825 0.7640625 0.18178571428571427 0.09713541666666667
9 0.21464285714285714 0.73125 0.2517857142857143 0.13333333333333333
23 0.2789285714285714 0.5403645833333334 0.11571428571428571 0.08125
12 0.7478571428571429 0.7596354166666667 0.23285714285714285 0.08880208333333334
7 0.49857142857142855 0.7330729166666666 0.1392857142857143 0.12239583333333333
22 0.8664285714285714 0.5143229166666666 0.26571428571428574 0.14661458333333333
16 0.5735714285714286 0.5486979166666667 0.0725 0.049479166666666664
4 0.1525 0.30911458333333336 0.305 0.16328125
13 0.4660714285714286 0.35104166666666664 0.2575 0.06536458333333334
16 0.48857142857142855 0.54765625 0.07571428571428572 0.058333333333333334
23 0.395 0.5341145833333333 0.10785714285714286 0.06822916666666666