10 0.34535714285714286 0.44166666666666665 0.11714285714285715 0.13958333333333334
24 0.22678571428571428 0.6390625 0.32071428571428573 0.165625
12 0.8735714285714286 0.7489583333333333 0.24571428571428572 0.07005208333333333
4 0.8821428571428571 0.6302083333333334 0.23535714285714285 0.16640625
15 0.7042857142857143 0.45 0.2042857142857143 0.08932291666666667
9 0.6910714285714286 0.25755208333333335 0.19428571428571428 0.0609375
11 0.1417857142857143 0.7236979166666667 0.24428571428571427 0.13984375
4 0.5635714285714286 0.7375 0.24821428571428572 0.08333333333333333
23 0.3607142857142857 0.27005208333333336 0.2689285714285714 0.054427083333333334
16 0.8846428571428572 0.46510416666666665 0.16714285714285715 0.06067708333333333
6 0.12785714285714286 0.45989583333333334 0.2557142857142857 0.13854166666666667