23 0.15964285714285714 0.7716145833333333 0.1375 0.0890625
12 0.6453571428571429 0.5544270833333333 0.2282142857142857 0.04791666666666667
21 0.52 0.7875 0.16214285714285714 0.08880208333333334
4 0.6917857142857143 0.3416666666666667 0.24821428571428572 0.06901041666666667
8 0.7735714285714286 0.7466145833333333 0.3314285714285714 0.11171875
10 0.3296428571428571 0.7049479166666667 0.23607142857142857 0.0859375
14 0.4760714285714286 0.49270833333333336 0.19035714285714286 0.09427083333333333
20 0.8457142857142858 0.5268229166666667 0.1925 0.08151041666666667
16 0.3914285714285714 0.5604166666666667 0.15 0.06432291666666666
21 0.6492857142857142 0.7848958333333333 0.17285714285714285 0.09427083333333333
21 0.6821428571428572 0.8020833333333334 0.10535714285714286 0.058854166666666666
15 0.19321428571428573 0.37552083333333336 0.2025 0.028385416666666666