11 0.8239285714285715 0.5203125 0.18607142857142858 0.09401041666666667
15 0.7553571428571428 0.7325520833333333 0.15214285714285714 0.065625
8 0.20107142857142857 0.5515625 0.2042857142857143 0.06328125
7 0.4325 0.7302083333333333 0.1 0.07708333333333334
23 0.635 0.5377604166666666 0.14357142857142857 0.062239583333333334
17 0.21607142857142858 0.6859375 0.15035714285714286 0.11848958333333333
2 0.4432142857142857 0.5265625 0.2825 0.05
0 0.23142857142857143 0.3692708333333333 0.21321428571428572 0.06614583333333333
10 0.5196428571428572 0.3723958333333333 0.08535714285714285 0.05390625
6 0.7864285714285715 0.32083333333333336 0.29 0.15026041666666667
12 0.5960714285714286 0.7203125 0.09428571428571429 0.09869791666666666
16 0.7364285714285714 0.684375 0.09714285714285714 0.06510416666666667