9 0.4835714285714286 0.534375 0.14857142857142858 0.08489583333333334
4 0.1675 0.32057291666666665 0.30142857142857143 0.17630208333333333
14 0.8653571428571428 0.35130208333333335 0.19714285714285715 0.07942708333333333
20 0.7989285714285714 0.7200520833333334 0.22071428571428572 0.09635416666666667
23 0.22285714285714286 0.7364583333333333 0.19357142857142856 0.11744791666666667
12 0.46035714285714285 0.7096354166666666 0.1757142857142857 0.11041666666666666
15 0.8114285714285714 0.5270833333333333 0.17892857142857144 0.07083333333333333
21 0.65 0.6796875 0.16857142857142857 0.09140625
16 0.61 0.5171875 0.13535714285714287 0.06848958333333334
6 0.3417857142857143 0.4901041666666667 0.1757142857142857 0.0953125
0 0.7039285714285715 0.809375 0.08392857142857142 0.08359375