22 0.5417857142857143 0.3143229166666667 0.27285714285714285 0.17057291666666666
12 0.6971428571428572 0.8033854166666666 0.13357142857142856 0.0703125
12 0.89 0.790625 0.19678571428571429 0.09947916666666666
16 0.8096428571428571 0.8231770833333333 0.075 0.08046875
5 0.4164285714285714 0.80859375 0.185 0.05677083333333333
23 0.9167857142857143 0.565625 0.11892857142857143 0.06770833333333333
3 0.6103571428571428 0.7239583333333334 0.35678571428571426 0.11901041666666666
6 0.33071428571428574 0.5098958333333333 0.26321428571428573 0.11953125
8 0.2532142857142857 0.58125 0.30392857142857144 0.05130208333333333
6 0.4225 0.5567708333333333 0.10535714285714286 0.05807291666666667
13 0.6685714285714286 0.5432291666666667 0.16107142857142856 0.07838541666666667