4 0.5121428571428571 0.6713541666666667 0.2392857142857143 0.07447916666666667
23 0.22892857142857143 0.7440104166666667 0.09214285714285714 0.06614583333333333
23 0.06 0.753125 0.12 0.0796875
8 0.7260714285714286 0.521875 0.4135714285714286 0.08203125
6 0.7678571428571429 0.6575520833333334 0.1775 0.10963541666666667
20 0.20857142857142857 0.5018229166666667 0.18785714285714286 0.07552083333333333
16 0.5542857142857143 0.7341145833333333 0.12642857142857142 0.09140625
10 0.37142857142857144 0.4778645833333333 0.1675 0.08723958333333333
3 0.7282142857142857 0.9809895833333333 0.30857142857142855 0.03802083333333333
14 0.8567857142857143 0.7385416666666667 0.21928571428571428 0.12291666666666666
13 0.7307142857142858 0.3125 0.1 0.07083333333333333