12 0.6285714285714286 0.6604166666666667 0.2567857142857143 0.07265625
15 0.6682142857142858 0.38828125 0.18571428571428572 0.07734375
16 0.8221428571428572 0.40234375 0.1442857142857143 0.0546875
24 0.23607142857142857 0.5625 0.2885714285714286 0.14973958333333334
9 0.6510714285714285 0.21796875 0.1742857142857143 0.054947916666666666
10 0.49785714285714283 0.39947916666666666 0.1175 0.09557291666666666
4 0.8321428571428572 0.5536458333333333 0.22892857142857143 0.1609375
23 0.3625 0.225 0.22964285714285715 0.05234375
11 0.8903571428571428 0.6033854166666667 0.21892857142857142 0.12265625
4 0.5210714285714285 0.5979166666666667 0.24 0.07395833333333333
6 0.3585714285714286 0.38229166666666664 0.19071428571428573 0.10390625