23 0.2935714285714286 0.5255208333333333 0.11642857142857142 0.07994791666666666
7 0.39035714285714285 0.7052083333333333 0.11428571428571428 0.0734375
12 0.7585714285714286 0.5510416666666667 0.15178571428571427 0.058854166666666666
9 0.5817857142857142 0.4786458333333333 0.225 0.11041666666666666
22 0.8357142857142857 0.2786458333333333 0.32857142857142857 0.1875
8 0.5792857142857143 0.559375 0.2835714285714286 0.04296875
6 0.3003571428571429 0.6872395833333333 0.11571428571428571 0.08567708333333333
23 0.4085714285714286 0.5205729166666667 0.10428571428571429 0.06432291666666666
16 0.6417857142857143 0.7731770833333333 0.14535714285714285 0.06848958333333334
4 0.7982142857142858 0.7255208333333333 0.29464285714285715 0.09661458333333334
13 0.2517857142857143 0.32890625 0.25357142857142856 0.0671875