14 0.37214285714285716 0.5114583333333333 0.1682142857142857 0.09973958333333334
6 0.8128571428571428 0.6947916666666667 0.17964285714285713 0.11432291666666666
23 0.135 0.7934895833333333 0.095 0.07213541666666666
10 0.6796428571428571 0.5354166666666667 0.15142857142857144 0.11276041666666667
16 0.315 0.7338541666666667 0.1375 0.06744791666666666
20 0.1992857142857143 0.5588541666666667 0.19357142857142856 0.0734375
4 0.5457142857142857 0.77109375 0.24285714285714285 0.11145833333333334
23 0.2875 0.7854166666666667 0.09285714285714286 0.06432291666666666
8 0.8953571428571429 0.7778645833333333 0.17107142857142857 0.1296875
12 0.32107142857142856 0.39427083333333335 0.30464285714285716 0.03203125
13 0.7671428571428571 0.36015625 0.09 0.06588541666666667