12 0.21035714285714285 0.59453125 0.25535714285714284 0.05390625
21 0.28785714285714287 0.7981770833333334 0.20714285714285716 0.07395833333333333
23 0.33964285714285714 0.5661458333333333 0.08607142857142858 0.05755208333333333
9 0.7753571428571429 0.3690104166666667 0.19785714285714287 0.10338541666666666
8 0.5996428571428571 0.59453125 0.35428571428571426 0.04505208333333333
23 0.2675 0.5580729166666667 0.07357142857142857 0.05390625
6 0.8057142857142857 0.52421875 0.15178571428571427 0.10104166666666667
4 0.57 0.7411458333333333 0.15285714285714286 0.0765625
10 0.7189285714285715 0.7268229166666667 0.2082142857142857 0.07630208333333334
14 0.8492857142857143 0.7703125 0.20607142857142857 0.10416666666666667
3 0.2739285714285714 0.37786458333333334 0.3817857142857143 0.0875
16 0.3357142857142857 0.74921875 0.06964285714285715 0.042708333333333334
16 0.26142857142857145 0.7528645833333333 0.06142857142857143 0.04348958333333333
15 0.8503571428571428 0.5903645833333333 0.2082142857142857 0.06145833333333333