7 0.12535714285714286 0.5802083333333333 0.19607142857142856 0.10598958333333333
12 0.37 0.5666666666666667 0.1757142857142857 0.05963541666666667
0 0.6953571428571429 0.40390625 0.22285714285714286 0.06432291666666666
23 0.2764285714285714 0.40520833333333334 0.12035714285714286 0.05182291666666667
6 0.2810714285714286 0.71328125 0.15107142857142858 0.109375
10 0.16214285714285714 0.7684895833333333 0.17214285714285715 0.09921875
14 0.8460714285714286 0.5486979166666667 0.14892857142857144 0.10598958333333333
15 0.5682142857142857 0.6026041666666667 0.26857142857142857 0.06171875
8 0.71 0.8377604166666667 0.5207142857142857 0.09609375
16 0.45035714285714284 0.41770833333333335 0.14464285714285716 0.03619791666666667
9 0.5632142857142857 0.7208333333333333 0.14714285714285713 0.10833333333333334
21 0.7632142857142857 0.7638020833333333 0.18571428571428572 0.0828125