12 0.5075 0.79765625 0.18678571428571428 0.08541666666666667
23 0.19785714285714287 0.36302083333333335 0.34714285714285714 0.06640625
24 0.7417857142857143 0.7229166666666667 0.2857142857142857 0.15859375
5 0.725 0.5411458333333333 0.1417857142857143 0.09114583333333333
20 0.76 0.8151041666666666 0.20892857142857144 0.06692708333333333
21 0.5182142857142857 0.54140625 0.105 0.07395833333333333
14 0.3964285714285714 0.5333333333333333 0.08678571428571429 0.12005208333333334
16 0.28285714285714286 0.56328125 0.16142857142857142 0.06302083333333333
16 0.24035714285714285 0.5614583333333333 0.08642857142857142 0.06041666666666667
15 0.8939285714285714 0.5578125 0.2057142857142857 0.07630208333333334
16 0.3275 0.5674479166666667 0.08607142857142858 0.06145833333333333
11 0.7521428571428571 0.3671875 0.31607142857142856 0.048177083333333336