21 0.43785714285714283 0.7666666666666667 0.19642857142857142 0.06145833333333333
9 0.8310714285714286 0.7921875 0.18214285714285713 0.12838541666666667
12 0.1632142857142857 0.8200520833333333 0.19107142857142856 0.06692708333333333
15 0.4392857142857143 0.6205729166666667 0.1725 0.054947916666666666
14 0.2571428571428571 0.5786458333333333 0.17857142857142858 0.09244791666666667
6 0.7667857142857143 0.5427083333333333 0.1467857142857143 0.075
3 0.30142857142857143 0.4153645833333333 0.365 0.08776041666666666
8 0.4942857142857143 0.8140625 0.3742857142857143 0.07734375
10 0.6817857142857143 0.74140625 0.1732142857142857 0.07291666666666667
20 0.7353571428571428 0.5989583333333334 0.20785714285714285 0.06796875
10 0.2960714285714286 0.5825520833333333 0.15357142857142858 0.05390625