23 0.10464285714285715 0.7859375 0.09071428571428572 0.07317708333333334
8 0.7382142857142857 0.5690104166666666 0.40214285714285714 0.08098958333333334
4 0.4967857142857143 0.7651041666666667 0.22107142857142856 0.11223958333333334
6 0.7721428571428571 0.6872395833333333 0.17464285714285716 0.10677083333333333
16 0.2825 0.72578125 0.13285714285714287 0.06770833333333333
20 0.22785714285714287 0.5372395833333333 0.17857142857142858 0.07135416666666666
10 0.39107142857142857 0.52578125 0.18035714285714285 0.09140625
14 0.865 0.7653645833333333 0.21392857142857144 0.12994791666666666
23 0.2517857142857143 0.7825520833333334 0.0975 0.06692708333333333
4 0.5171428571428571 0.7744791666666667 0.26535714285714285 0.12395833333333334
13 0.7282142857142857 0.35833333333333334 0.11357142857142857 0.075