12 0.8625 0.5723958333333333 0.22 0.05859375
20 0.22357142857142856 0.5541666666666667 0.11464285714285714 0.08125
4 0.22285714285714286 0.73046875 0.27071428571428574 0.0953125
23 0.4692857142857143 0.5380208333333333 0.0825 0.07265625
14 0.5289285714285714 0.71328125 0.18714285714285714 0.11536458333333334
23 0.3889285714285714 0.5421875 0.08821428571428572 0.06536458333333334
21 0.36714285714285716 0.7989583333333333 0.2675 0.09114583333333333
8 0.64 0.5794270833333334 0.38107142857142856 0.06484375
20 0.10607142857142857 0.5622395833333333 0.10892857142857143 0.08046875
10 0.44571428571428573 0.3416666666666667 0.2742857142857143 0.07708333333333334
16 0.7210714285714286 0.36614583333333334 0.1375 0.03177083333333333
13 0.115 0.3651041666666667 0.08142857142857143 0.065625