12 0.6446428571428572 0.7736979166666667 0.22642857142857142 0.04791666666666667
6 0.8728571428571429 0.7625 0.23285714285714285 0.15598958333333332
23 0.6035714285714285 0.3307291666666667 0.10107142857142858 0.05677083333333333
4 0.36678571428571427 0.5317708333333333 0.2867857142857143 0.09270833333333334
14 0.17214285714285715 0.7380208333333333 0.20285714285714285 0.11510416666666666
23 0.7571428571428571 0.3229166666666667 0.09892857142857144 0.059895833333333336
8 0.5807142857142857 0.5684895833333333 0.17964285714285713 0.04921875
16 0.6117857142857143 0.81953125 0.09428571428571429 0.06848958333333334
13 0.7228571428571429 0.5354166666666667 0.10464285714285715 0.10260416666666666
20 0.21642857142857144 0.34765625 0.2667857142857143 0.06328125
10 0.3510714285714286 0.78515625 0.24571428571428572 0.14140625