23 0.4467857142857143 0.5604166666666667 0.08678571428571429 0.059895833333333336
9 0.2739285714285714 0.7356770833333334 0.21821428571428572 0.10546875
23 0.23642857142857143 0.56875 0.08785714285714286 0.06770833333333333
23 0.34285714285714286 0.5692708333333333 0.08107142857142857 0.07317708333333334
7 0.8589285714285714 0.3859375 0.115 0.07109375
7 0.7171428571428572 0.39166666666666666 0.13 0.05572916666666667
8 0.23285714285714285 0.8091145833333333 0.2889285714285714 0.04010416666666667
13 0.5814285714285714 0.7658854166666667 0.23785714285714285 0.09088541666666666
16 0.8135714285714286 0.7940104166666667 0.1442857142857143 0.05416666666666667
22 0.7246428571428571 0.53984375 0.2725 0.13723958333333333
16 0.8471428571428572 0.7979166666666667 0.07071428571428572 0.05078125