16 0.2985714285714286 0.77734375 0.08178571428571428 0.06875
5 0.7278571428571429 0.3546875 0.1875 0.05390625
16 0.1475 0.753125 0.07107142857142858 0.0546875
3 0.4760714285714286 0.5033854166666667 0.3125 0.121875
23 0.2689285714285714 0.5442708333333334 0.11035714285714286 0.06692708333333333
15 0.7317857142857143 0.7778645833333333 0.2257142857142857 0.06927083333333334
15 0.765 0.7270833333333333 0.12285714285714286 0.03567708333333333
13 0.3410714285714286 0.34088541666666666 0.16714285714285715 0.05677083333333333
6 0.7717857142857143 0.51875 0.33464285714285713 0.1578125
12 0.5210714285714285 0.7359375 0.25607142857142856 0.04973958333333333
22 0.3289285714285714 0.6802083333333333 0.2621428571428571 0.12864583333333332