23 0.19464285714285715 0.7263020833333333 0.15964285714285714 0.06979166666666667
6 0.18892857142857142 0.35572916666666665 0.19642857142857142 0.096875
7 0.27285714285714285 0.5143229166666666 0.12107142857142857 0.08880208333333334
7 0.3703571428571429 0.5244791666666667 0.07357142857142857 0.058854166666666666
21 0.8928571428571429 0.56484375 0.14642857142857144 0.07421875
12 0.7264285714285714 0.80234375 0.26107142857142857 0.07213541666666666
10 0.4807142857142857 0.6932291666666667 0.15821428571428572 0.08619791666666667
15 0.47285714285714286 0.5815104166666667 0.2982142857142857 0.05651041666666667
21 0.7557142857142857 0.5611979166666666 0.10535714285714286 0.05390625
8 0.7521428571428571 0.73046875 0.35035714285714287 0.11458333333333333
14 0.655 0.5078125 0.11321428571428571 0.09557291666666666
0 0.3725 0.7682291666666666 0.22428571428571428 0.09192708333333334
16 0.11928571428571429 0.56640625 0.14892857142857144 0.07395833333333333
9 0.6621428571428571 0.3494791666666667 0.18178571428571427 0.10260416666666666