21 0.13178571428571428 0.6723958333333333 0.1442857142857143 0.11640625
23 0.5942857142857143 0.4627604166666667 0.20285714285714285 0.09817708333333333
12 0.15357142857142858 0.4822916666666667 0.1375 0.065625
11 0.8375 0.45729166666666665 0.27035714285714285 0.09765625
9 0.9110714285714285 0.26197916666666665 0.15964285714285714 0.11432291666666666
16 0.26 0.6776041666666667 0.10714285714285714 0.07005208333333333
6 0.7821428571428571 0.2604166666666667 0.18142857142857144 0.11979166666666667
20 0.45714285714285713 0.6572916666666667 0.1125 0.11510416666666666
4 0.8171428571428572 0.6515625 0.25535714285714284 0.09557291666666666
15 0.16642857142857143 0.28567708333333336 0.15714285714285714 0.06770833333333333
14 0.3796428571428571 0.66328125 0.12142857142857143 0.0875