9 0.535 0.47213541666666664 0.22785714285714287 0.11614583333333334
16 0.585 0.7763020833333333 0.1392857142857143 0.058854166666666666
9 0.8885714285714286 0.52890625 0.175 0.0765625
23 0.3507142857142857 0.5143229166666666 0.09928571428571428 0.06328125
8 0.3896428571428571 0.7692708333333333 0.2732142857142857 0.07526041666666666
23 0.23714285714285716 0.5182291666666666 0.11678571428571428 0.08203125
22 0.7914285714285715 0.26588541666666665 0.3246428571428571 0.1953125
15 0.12 0.77109375 0.21428571428571427 0.06197916666666667
7 0.285 0.6895833333333333 0.215 0.10494791666666667
13 0.18785714285714286 0.32057291666666665 0.2546428571428571 0.0625
4 0.7464285714285714 0.7229166666666667 0.29642857142857143 0.10078125
12 0.7635714285714286 0.7796875 0.25107142857142856 0.08385416666666666