22 0.4857142857142857 0.6994791666666667 0.25357142857142856 0.13229166666666667
13 0.30964285714285716 0.37213541666666666 0.16035714285714286 0.05182291666666667
23 0.44142857142857145 0.7903645833333334 0.08857142857142856 0.078125
16 0.7032142857142857 0.7828125 0.06857142857142857 0.05026041666666667
16 0.7917857142857143 0.7708333333333334 0.09428571428571429 0.05963541666666667
3 0.35535714285714287 0.5247395833333334 0.37607142857142856 0.12109375
6 0.7457142857142857 0.33645833333333336 0.3246428571428571 0.13255208333333332
5 0.6964285714285714 0.834375 0.20035714285714284 0.05416666666666667
12 0.16107142857142856 0.7744791666666667 0.2717857142857143 0.09036458333333333
15 0.6239285714285714 0.5854166666666667 0.44892857142857145 0.06302083333333333
15 0.6164285714285714 0.5744791666666667 0.23892857142857143 0.054947916666666666