16 0.5978571428571429 0.5888020833333333 0.14607142857142857 0.05677083333333333
14 0.855 0.3841145833333333 0.22785714285714287 0.096875
6 0.2957142857142857 0.5197916666666667 0.19964285714285715 0.1046875
9 0.11214285714285714 0.390625 0.17892857142857144 0.0734375
23 0.10357142857142858 0.5723958333333333 0.125 0.07213541666666666
15 0.8221428571428572 0.5796875 0.21607142857142858 0.075
21 0.5875 0.73515625 0.1425 0.09895833333333333
12 0.3653571428571429 0.7817708333333333 0.2317857142857143 0.10364583333333334
0 0.4860714285714286 0.5518229166666667 0.10714285714285714 0.08411458333333334
23 0.5403571428571429 0.3846354166666667 0.215 0.041666666666666664
16 0.14714285714285713 0.7661458333333333 0.11642857142857142 0.06328125
12 0.5153571428571428 0.42135416666666664 0.24785714285714286 0.03802083333333333
20 0.7617857142857143 0.73515625 0.24785714285714286 0.071875
4 0.8089285714285714 0.7927083333333333 0.33107142857142857 0.10026041666666667