8 0.8378571428571429 0.7877604166666666 0.14642857142857144 0.1125
22 0.8046428571428571 0.35520833333333335 0.35035714285714287 0.1234375
9 0.1792857142857143 0.75390625 0.2557142857142857 0.13307291666666668
23 0.2546428571428571 0.5635416666666667 0.11678571428571428 0.08072916666666667
12 0.7403571428571428 0.7903645833333334 0.19428571428571428 0.08619791666666667
7 0.4082142857142857 0.725 0.10214285714285715 0.08359375
16 0.47785714285714287 0.8145833333333333 0.07357142857142857 0.0546875
7 0.5142857142857142 0.7557291666666667 0.11642857142857142 0.07161458333333333
16 0.5714285714285714 0.80859375 0.07214285714285715 0.05390625
23 0.36964285714285716 0.5638020833333334 0.1025 0.0640625
13 0.44571428571428573 0.37473958333333335 0.26535714285714285 0.0640625
4 0.8 0.5609375 0.29214285714285715 0.10104166666666667