12 0.8560714285714286 0.56796875 0.125 0.055989583333333336
6 0.49464285714285716 0.3572916666666667 0.1957142857142857 0.10234375
23 0.8517857142857143 0.78046875 0.18 0.06953125
16 0.6192857142857143 0.7796875 0.1407142857142857 0.05963541666666667
10 0.5142857142857142 0.5325520833333334 0.17607142857142857 0.11380208333333333
8 0.6875 0.5684895833333333 0.2542857142857143 0.06822916666666666
14 0.29285714285714287 0.71171875 0.15678571428571428 0.096875
20 0.23535714285714285 0.5580729166666667 0.11071428571428571 0.08046875
4 0.5403571428571429 0.7096354166666666 0.21785714285714286 0.06953125
20 0.13142857142857142 0.5627604166666667 0.09607142857142857 0.06692708333333333
13 0.7460714285714286 0.3703125 0.09535714285714286 0.0578125