14 0.8110714285714286 0.70859375 0.16714285714285715 0.08307291666666666
6 0.4539285714285714 0.37578125 0.18964285714285714 0.11041666666666666
12 0.19071428571428573 0.5973958333333333 0.2546428571428571 0.05416666666666667
8 0.7896428571428571 0.5684895833333333 0.3032142857142857 0.06171875
15 0.5660714285714286 0.7981770833333334 0.18178571428571427 0.06614583333333333
23 0.5760714285714286 0.559375 0.08892857142857143 0.054427083333333334
20 0.8403571428571428 0.7848958333333333 0.205 0.0828125
9 0.23392857142857143 0.38984375 0.18428571428571427 0.09739583333333333
21 0.5671428571428572 0.7309895833333333 0.17607142857142857 0.07161458333333333
23 0.48 0.5783854166666667 0.08321428571428571 0.05703125
3 0.7921428571428571 0.35911458333333335 0.3603571428571429 0.11640625
10 0.265 0.7658854166666667 0.22642857142857142 0.08854166666666667
4 0.3392857142857143 0.725 0.2125 0.10052083333333334
16 0.3342857142857143 0.5744791666666667 0.065 0.05078125
16 0.4232142857142857 0.5736979166666667 0.07214285714285715 0.0546875