9 0.4953571428571429 0.7041666666666667 0.125 0.06927083333333334
12 0.48392857142857143 0.5619791666666667 0.18785714285714286 0.05130208333333333
16 0.6228571428571429 0.56640625 0.10535714285714286 0.050520833333333334
23 0.7978571428571428 0.5864583333333333 0.09607142857142857 0.06614583333333333
6 0.32607142857142857 0.6919270833333333 0.13357142857142856 0.08802083333333334
15 0.21071428571428572 0.5651041666666666 0.14607142857142857 0.06796875
20 0.9085714285714286 0.5885416666666666 0.09785714285714285 0.06536458333333334
23 0.7821428571428571 0.40208333333333335 0.3067857142857143 0.062239583333333334
14 0.10321428571428572 0.5494791666666666 0.08214285714285714 0.09869791666666666
4 0.8367857142857142 0.77265625 0.205 0.10572916666666667
4 0.15892857142857142 0.7442708333333333 0.24892857142857142 0.18541666666666667