7 0.12214285714285714 0.5440104166666667 0.18678571428571428 0.09322916666666667
16 0.5532142857142858 0.55 0.1925 0.06276041666666667
23 0.8810714285714286 0.5481770833333334 0.18178571428571427 0.0671875
0 0.22178571428571428 0.7130208333333333 0.17785714285714285 0.10625
14 0.3792857142857143 0.7596354166666667 0.13 0.09921875
21 0.5717857142857142 0.7104166666666667 0.15892857142857142 0.07447916666666667
9 0.7682142857142857 0.6901041666666666 0.17464285714285716 0.1078125
15 0.3057142857142857 0.53203125 0.20464285714285715 0.05364583333333333
6 0.38642857142857145 0.3455729166666667 0.16535714285714287 0.10364583333333334
8 0.5910714285714286 0.3684895833333333 0.32035714285714284 0.04895833333333333
10 0.6753571428571429 0.49583333333333335 0.18642857142857142 0.06276041666666667
12 0.37535714285714283 0.7015625 0.1325 0.06197916666666667