9 0.22678571428571428 0.7447916666666666 0.24857142857142858 0.13125
8 0.8771428571428571 0.7924479166666667 0.13464285714285715 0.09427083333333333
12 0.7435714285714285 0.7393229166666667 0.12321428571428572 0.049479166666666664
23 0.2935714285714286 0.55703125 0.11321428571428571 0.07994791666666666
22 0.8689285714285714 0.5377604166666666 0.2621428571428571 0.14322916666666666
23 0.4107142857142857 0.55703125 0.09857142857142857 0.06015625
12 0.58 0.5669270833333333 0.07107142857142858 0.05
7 0.49464285714285716 0.7736979166666667 0.1407142857142857 0.09270833333333334
13 0.4807142857142857 0.37421875 0.26857142857142857 0.06796875
4 0.1732142857142857 0.33125 0.2982142857142857 0.16796875
7 0.6767857142857143 0.7971354166666667 0.15 0.10833333333333334
16 0.4982142857142857 0.56953125 0.07392857142857143 0.05286458333333333