14 0.3425 0.5260416666666666 0.1875 0.103125
6 0.5264285714285715 0.71015625 0.16428571428571428 0.1140625
23 0.07821428571428571 0.7973958333333333 0.09642857142857143 0.07135416666666666
23 0.23 0.7916666666666666 0.09035714285714286 0.06458333333333334
16 0.4117857142857143 0.7856770833333333 0.14714285714285713 0.07265625
12 0.8578571428571429 0.56484375 0.18464285714285714 0.07265625
13 0.7146428571428571 0.35833333333333334 0.08464285714285714 0.05572916666666667
8 0.8485714285714285 0.7697916666666667 0.26035714285714284 0.11302083333333333
15 0.7867857142857143 0.375 0.16 0.025520833333333333
10 0.6739285714285714 0.7591145833333334 0.18821428571428572 0.15234375
20 0.12178571428571429 0.5583333333333333 0.21428571428571427 0.09427083333333333
4 0.5614285714285714 0.51953125 0.25857142857142856 0.09140625