12 0.1982142857142857 0.7916666666666666 0.2325 0.06901041666666667
9 0.8846428571428572 0.7671875 0.1692857142857143 0.09348958333333333
24 0.2317857142857143 0.6885416666666667 0.27535714285714286 0.16119791666666666
11 0.8378571428571429 0.5234375 0.20392857142857143 0.11015625
16 0.5475 0.54296875 0.11678571428571428 0.049479166666666664
4 0.6957142857142857 0.7833333333333333 0.20035714285714284 0.06536458333333334
23 0.6078571428571429 0.72265625 0.09964285714285714 0.06770833333333333
4 0.5664285714285714 0.3302083333333333 0.2710714285714286 0.13385416666666666
23 0.5614285714285714 0.7205729166666667 0.195 0.06588541666666667
15 0.3464285714285714 0.5322916666666667 0.27535714285714286 0.06354166666666666
6 0.7042857142857143 0.3411458333333333 0.25142857142857145 0.09947916666666666
10 0.13892857142857143 0.5466145833333333 0.11107142857142857 0.09375