11 0.8246428571428571 0.48776041666666664 0.1975 0.09895833333333333
15 0.7564285714285715 0.7125 0.16071428571428573 0.06640625
17 0.19214285714285714 0.6640625 0.16 0.12395833333333334
23 0.6246428571428572 0.5080729166666667 0.15107142857142858 0.06458333333333334
8 0.17535714285714285 0.5244791666666667 0.2175 0.0640625
0 0.17 0.3359375 0.12571428571428572 0.06458333333333334
7 0.49714285714285716 0.33151041666666664 0.12285714285714286 0.06640625
0 0.3167857142857143 0.3385416666666667 0.1025 0.054947916666666666
6 0.7778571428571428 0.28932291666666665 0.26607142857142857 0.14192708333333334
2 0.41785714285714287 0.4901041666666667 0.3442857142857143 0.059895833333333336
12 0.5885714285714285 0.69765625 0.09071428571428572 0.10677083333333333
16 0.7371428571428571 0.66015625 0.10642857142857143 0.06692708333333333