23 0.8485714285714285 0.4596354166666667 0.24107142857142858 0.0953125
12 0.1382142857142857 0.47578125 0.12892857142857142 0.061197916666666664
20 0.5410714285714285 0.6106770833333334 0.08428571428571428 0.08385416666666666
21 0.16964285714285715 0.6307291666666667 0.1467857142857143 0.10078125
5 0.5164285714285715 0.28932291666666665 0.16714285714285715 0.07369791666666667
9 0.8675 0.2640625 0.15642857142857142 0.10885416666666667
16 0.4639285714285714 0.6515625 0.11321428571428571 0.05234375
4 0.7739285714285714 0.6307291666666667 0.27035714285714285 0.08776041666666666
6 0.7496428571428572 0.26015625 0.17785714285714285 0.11744791666666667
14 0.45714285714285713 0.59296875 0.10357142857142858 0.07994791666666666
15 0.15678571428571428 0.29192708333333334 0.14 0.06979166666666667