12 0.8592857142857143 0.82421875 0.2225 0.07578125
20 0.11107142857142857 0.8098958333333334 0.13535714285714287 0.09244791666666667
15 0.5675 0.6044270833333333 0.19642857142857142 0.06536458333333334
9 0.8185714285714286 0.56171875 0.21357142857142858 0.14296875
8 0.52 0.821875 0.43714285714285717 0.078125
10 0.7214285714285714 0.74453125 0.1957142857142857 0.08203125
3 0.2789285714285714 0.36953125 0.4235714285714286 0.10625
21 0.4425 0.7661458333333333 0.21964285714285714 0.06536458333333334
20 0.2625 0.7955729166666666 0.07964285714285714 0.06354166666666666
14 0.2546428571428571 0.57578125 0.19607142857142856 0.11744791666666667
6 0.5328571428571428 0.5401041666666667 0.18035714285714285 0.12135416666666667