9 0.7607142857142857 0.378125 0.20107142857142857 0.10208333333333333
3 0.2757142857142857 0.40234375 0.4135714285714286 0.08645833333333333
6 0.7871428571428571 0.5453125 0.15821428571428572 0.11328125
15 0.8296428571428571 0.6020833333333333 0.21107142857142858 0.06848958333333334
14 0.8414285714285714 0.7893229166666667 0.1925 0.10130208333333333
21 0.26535714285714285 0.8200520833333333 0.20392857142857143 0.07135416666666666
10 0.7092857142857143 0.7484375 0.19321428571428573 0.08255208333333333
8 0.5292857142857142 0.8286458333333333 0.3489285714285714 0.09036458333333333
23 0.24 0.5755208333333334 0.06857142857142857 0.05078125
12 0.19428571428571428 0.6169270833333333 0.27071428571428574 0.05546875
23 0.28214285714285714 0.5783854166666667 0.15392857142857144 0.05651041666666667
16 0.2760714285714286 0.7713541666666667 0.15285714285714286 0.052083333333333336
4 0.5646428571428571 0.76484375 0.19464285714285715 0.1015625
20 0.5235714285714286 0.5786458333333333 0.165 0.07552083333333333