8 0.8510714285714286 0.8630208333333333 0.1375 0.10729166666666666
9 0.15428571428571428 0.8260416666666667 0.2664285714285714 0.13880208333333333
23 0.2292857142857143 0.62265625 0.12428571428571429 0.08463541666666667
7 0.5060714285714286 0.8276041666666667 0.12214285714285714 0.07760416666666667
7 0.3939285714285714 0.79609375 0.11142857142857143 0.09140625
22 0.8135714285714286 0.37057291666666664 0.3460714285714286 0.2046875
16 0.4642857142857143 0.8859375 0.0775 0.05859375
12 0.7528571428571429 0.8658854166666666 0.21142857142857144 0.1015625
16 0.5682142857142857 0.8799479166666667 0.08035714285714286 0.05859375
23 0.3525 0.621875 0.11857142857142858 0.06614583333333333
13 0.17464285714285716 0.41848958333333336 0.2892857142857143 0.07239583333333334
13 0.9135714285714286 0.6760416666666667 0.03214285714285714 0.003125
4 0.8110714285714286 0.62265625 0.3053571428571429 0.10078125