15 0.68 0.8005208333333333 0.1475 0.0703125
11 0.18178571428571427 0.57578125 0.19428571428571428 0.09505208333333333
23 0.6117857142857143 0.58984375 0.15321428571428572 0.06666666666666667
6 0.4882142857142857 0.7151041666666667 0.24142857142857144 0.10755208333333334
12 0.18892857142857142 0.7981770833333334 0.17714285714285713 0.07786458333333333
2 0.8014285714285714 0.5875 0.25285714285714284 0.058333333333333334
8 0.42857142857142855 0.7958333333333333 0.2760714285714286 0.06145833333333333
0 0.15678571428571428 0.41875 0.19035714285714286 0.06432291666666666
17 0.5332142857142858 0.38515625 0.19214285714285714 0.11927083333333334
7 0.7196428571428571 0.4080729166666667 0.12964285714285714 0.0734375
16 0.7510714285714286 0.7598958333333333 0.07892857142857143 0.07239583333333334