23 0.6160714285714286 0.48489583333333336 0.19321428571428573 0.090625
24 0.81 0.6182291666666667 0.2621428571428571 0.12942708333333333
12 0.4185714285714286 0.68984375 0.15107142857142858 0.07213541666666666
5 0.6835714285714286 0.6643229166666667 0.13142857142857142 0.09114583333333333
11 0.8510714285714286 0.478125 0.255 0.08515625
6 0.8185714285714286 0.29192708333333334 0.22071428571428572 0.11822916666666666
4 0.2667857142857143 0.278125 0.19071428571428573 0.16484375
4 0.4089285714285714 0.48802083333333335 0.18178571428571427 0.08880208333333334
21 0.5135714285714286 0.6395833333333333 0.17535714285714285 0.06848958333333334
14 0.20892857142857144 0.4609375 0.09 0.08984375
20 0.2671428571428571 0.6880208333333333 0.13785714285714284 0.09140625
16 0.2935714285714286 0.4940104166666667 0.09107142857142857 0.06067708333333333
9 0.20857142857142857 0.33255208333333336 0.17035714285714285 0.05520833333333333
15 0.4625 0.34036458333333336 0.1732142857142857 0.030729166666666665