8 0.8385714285714285 0.7942708333333334 0.24392857142857144 0.12291666666666666
12 0.4835714285714286 0.821875 0.14035714285714285 0.058333333333333334
21 0.23714285714285716 0.5893229166666667 0.23892857142857143 0.06588541666666667
10 0.5103571428571428 0.3763020833333333 0.23964285714285713 0.07161458333333333
20 0.62 0.5651041666666666 0.08571428571428572 0.06901041666666667
20 0.7053571428571429 0.5619791666666667 0.09071428571428572 0.0703125
4 0.32571428571428573 0.7502604166666667 0.2282142857142857 0.0859375
14 0.5896428571428571 0.73203125 0.17 0.10885416666666667
16 0.7532142857142857 0.4010416666666667 0.12607142857142858 0.03125
13 0.2025 0.40625 0.09285714285714286 0.05625
23 0.26571428571428574 0.8130208333333333 0.1632142857142857 0.07265625
20 0.8546428571428571 0.5671875 0.1 0.07395833333333333