12 0.3175 0.8434895833333333 0.22678571428571428 0.084375
23 0.8910714285714286 0.61171875 0.18035714285714285 0.08359375
16 0.55 0.6078125 0.17535714285714285 0.06380208333333333
15 0.31464285714285717 0.5966145833333333 0.20285714285714285 0.05546875
10 0.8007142857142857 0.40911458333333334 0.2057142857142857 0.08463541666666667
9 0.7739285714285714 0.7510416666666667 0.1667857142857143 0.11588541666666667
6 0.3925 0.4075520833333333 0.17142857142857143 0.10130208333333333
0 0.23357142857142857 0.7828125 0.1825 0.09322916666666667
21 0.5007142857142857 0.8317708333333333 0.19892857142857143 0.08984375
16 0.6617857142857143 0.6143229166666667 0.07857142857142857 0.053125
8 0.5592857142857143 0.4393229166666667 0.24571428571428572 0.050520833333333334
14 0.7385714285714285 0.8153645833333333 0.11607142857142858 0.09973958333333334
7 0.12928571428571428 0.6192708333333333 0.1692857142857143 0.08567708333333333