12 0.5653571428571429 0.48020833333333335 0.22285714285714286 0.053125
24 0.7153571428571428 0.64140625 0.28035714285714286 0.16484375
11 0.7017857142857142 0.28359375 0.2960714285714286 0.08854166666666667
21 0.26785714285714285 0.4622395833333333 0.19464285714285715 0.08359375
15 0.8689285714285714 0.47291666666666665 0.20714285714285716 0.07916666666666666
14 0.40714285714285714 0.45546875 0.08964285714285715 0.11901041666666666
16 0.13642857142857143 0.48333333333333334 0.095 0.06692708333333333
20 0.3896428571428571 0.66875 0.1225 0.07083333333333333
5 0.15428571428571428 0.7278645833333334 0.21 0.06354166666666666
23 0.11 0.29140625 0.2082142857142857 0.06458333333333334
23 0.28535714285714286 0.29583333333333334 0.12571428571428572 0.05807291666666667