1 0.16428571428571428 0.4234375 0.18142857142857144 0.08645833333333333
6 0.6928571428571428 0.2375 0.1775 0.08880208333333334
5 0.15928571428571428 0.25104166666666666 0.14107142857142857 0.05911458333333333
11 0.8228571428571428 0.61796875 0.19035714285714286 0.11015625
9 0.8925 0.43333333333333335 0.17714285714285713 0.08307291666666666
10 0.8332142857142857 0.2359375 0.11642857142857142 0.09375
15 0.5710714285714286 0.42916666666666664 0.18892857142857142 0.06510416666666667
23 0.3535714285714286 0.26067708333333334 0.12285714285714286 0.04192708333333333
16 0.7085714285714285 0.43411458333333336 0.1175 0.04479166666666667
24 0.25142857142857145 0.5578125 0.26357142857142857 0.13463541666666667
23 0.4664285714285714 0.26015625 0.11714285714285715 0.04453125
12 0.15142857142857144 0.64921875 0.22714285714285715 0.05
4 0.6053571428571428 0.6505208333333333 0.2825 0.08645833333333333
4 0.3457142857142857 0.6705729166666666 0.24035714285714285 0.07291666666666667