3 0.4860714285714286 0.3390625 0.36357142857142855 0.12239583333333333
6 0.15964285714285714 0.34401041666666665 0.22535714285714287 0.11614583333333334
9 0.85 0.32916666666666666 0.2664285714285714 0.11354166666666667
15 0.8132142857142857 0.5630208333333333 0.2782142857142857 0.053385416666666664
8 0.19214285714285714 0.55 0.3082142857142857 0.09401041666666667
16 0.415 0.5458333333333333 0.15392857142857144 0.053385416666666664
12 0.6178571428571429 0.5338541666666666 0.13785714285714284 0.07786458333333333
21 0.1792857142857143 0.765625 0.23214285714285715 0.096875
4 0.32785714285714285 0.6958333333333333 0.2367857142857143 0.07760416666666667
23 0.5803571428571429 0.7755208333333333 0.19142857142857142 0.08619791666666667
10 0.49357142857142855 0.7197916666666667 0.19607142857142856 0.08828125
20 0.8514285714285714 0.7755208333333333 0.24 0.0921875
14 0.8271428571428572 0.6838541666666667 0.22392857142857142 0.09479166666666666