2 0.7792857142857142 0.5546875 0.3692857142857143 0.06640625
23 0.5832142857142857 0.5802083333333333 0.0975 0.07578125
11 0.1675 0.5598958333333334 0.22607142857142856 0.10260416666666666
12 0.4521428571428571 0.7981770833333334 0.32107142857142856 0.057291666666666664
15 0.7353571428571428 0.8044270833333333 0.16178571428571428 0.08046875
16 0.7746428571428572 0.740625 0.10321428571428572 0.055989583333333336
8 0.2307142857142857 0.7552083333333334 0.2785714285714286 0.06458333333333334
17 0.5471428571428572 0.35651041666666666 0.21107142857142858 0.12578125
23 0.4878571428571429 0.5783854166666667 0.09428571428571429 0.0625
0 0.1417857142857143 0.3890625 0.20964285714285713 0.07291666666666667
6 0.5689285714285715 0.7098958333333333 0.25607142857142856 0.12265625
7 0.44892857142857145 0.5393229166666667 0.11357142857142857 0.08984375