9 0.20714285714285716 0.7111979166666667 0.24321428571428572 0.12734375
22 0.8042857142857143 0.33645833333333336 0.3196428571428571 0.11796875
23 0.2739285714285714 0.534375 0.11107142857142857 0.07838541666666667
8 0.8367857142857142 0.7651041666666667 0.13392857142857142 0.09244791666666667
12 0.7146428571428571 0.7127604166666667 0.12178571428571429 0.046875
7 0.4635714285714286 0.74140625 0.1382142857142857 0.09427083333333333
23 0.3825 0.53125 0.09571428571428571 0.05911458333333333
7 0.48678571428571427 0.54296875 0.07142857142857142 0.047135416666666666
4 0.7603571428571428 0.5205729166666667 0.12142857142857143 0.09505208333333333
16 0.5882142857142857 0.53359375 0.06714285714285714 0.061197916666666664
13 0.4539285714285714 0.3541666666666667 0.2557142857142857 0.06380208333333333
7 0.6442857142857142 0.7666666666666667 0.15392857142857144 0.10885416666666667