12 0.35464285714285715 0.7635416666666667 0.19107142857142856 0.07265625
0 0.09035714285714286 0.7721354166666666 0.11857142857142858 0.09869791666666666
21 0.6721428571428572 0.77265625 0.18535714285714286 0.09505208333333333
14 0.5164285714285715 0.6963541666666667 0.11571428571428571 0.09895833333333333
23 0.15214285714285714 0.38203125 0.15892857142857142 0.042708333333333334
7 0.7353571428571428 0.6966145833333334 0.21464285714285714 0.08723958333333333
8 0.6775 0.5942708333333333 0.5910714285714286 0.07369791666666667
10 0.6535714285714286 0.5104166666666666 0.2007142857142857 0.08307291666666666
6 0.4014285714285714 0.34739583333333335 0.19107142857142856 0.09947916666666666
9 0.7907142857142857 0.33567708333333335 0.21678571428571428 0.11041666666666666
16 0.3532142857142857 0.534375 0.0875 0.057291666666666664
0 0.21392857142857144 0.75703125 0.11678571428571428 0.09348958333333333
15 0.2032142857142857 0.57578125 0.27214285714285713 0.06510416666666667
16 0.4317857142857143 0.534375 0.07571428571428572 0.057291666666666664