12 0.1442857142857143 0.7669270833333334 0.21535714285714286 0.07734375
15 0.8592857142857143 0.5263020833333333 0.22428571428571428 0.07213541666666666
21 0.4517857142857143 0.7317708333333334 0.2382142857142857 0.0703125
6 0.8185714285714286 0.4625 0.16857142857142857 0.12317708333333334
4 0.5642857142857143 0.6973958333333333 0.18 0.096875
8 0.7378571428571429 0.7575520833333333 0.39357142857142857 0.10651041666666666
16 0.31035714285714283 0.7041666666666667 0.06785714285714285 0.049479166666666664
9 0.7814285714285715 0.28854166666666664 0.21892857142857142 0.11119791666666666
16 0.23107142857142857 0.7111979166666667 0.08035714285714286 0.05390625
14 0.24321428571428572 0.4986979166666667 0.22678571428571428 0.10572916666666667
20 0.5364285714285715 0.49765625 0.19357142857142856 0.09114583333333333
3 0.2739285714285714 0.3059895833333333 0.4757142857142857 0.1015625
10 0.7275 0.6697916666666667 0.24321428571428572 0.11197916666666667