24 0.23285714285714285 0.5109375 0.2775 0.15625
4 0.2125 0.3684895833333333 0.26857142857142857 0.09583333333333334
12 0.3575 0.6114583333333333 0.2739285714285714 0.07161458333333333
11 0.8467857142857143 0.5572916666666666 0.1982142857142857 0.12005208333333334
16 0.7210714285714286 0.36692708333333335 0.12464285714285714 0.05130208333333333
5 0.13214285714285715 0.1859375 0.14821428571428572 0.06354166666666666
10 0.8432142857142857 0.14895833333333333 0.125 0.10286458333333333
15 0.565 0.365625 0.2025 0.07057291666666667
1 0.6278571428571429 0.5510416666666667 0.17535714285714285 0.09479166666666666
4 0.15142857142857144 0.6059895833333333 0.19892857142857143 0.07057291666666667
23 0.3960714285714286 0.18932291666666667 0.2507142857142857 0.04973958333333333
23 0.33464285714285713 0.18723958333333332 0.12642857142857142 0.048177083333333336
6 0.6953571428571429 0.15651041666666668 0.19035714285714286 0.09609375
23 0.4475 0.18541666666666667 0.14035714285714285 0.04973958333333333
9 0.9071428571428571 0.3614583333333333 0.18 0.07864583333333333