14 0.555 0.71171875 0.08071428571428571 0.09869791666666666
9 0.8428571428571429 0.3528645833333333 0.19214285714285714 0.103125
12 0.37464285714285717 0.77109375 0.20714285714285716 0.06901041666666667
6 0.8778571428571429 0.5286458333333334 0.2225 0.12317708333333334
15 0.24857142857142858 0.5848958333333333 0.25535714285714284 0.057291666666666664
23 0.22178571428571428 0.74140625 0.15964285714285714 0.06822916666666666
10 0.5928571428571429 0.5348958333333333 0.17357142857142857 0.09713541666666667
7 0.3982142857142857 0.5346354166666667 0.09357142857142857 0.05520833333333333
8 0.79 0.740625 0.39321428571428574 0.11484375
21 0.7514285714285714 0.778125 0.2 0.1
16 0.6117857142857143 0.3963541666666667 0.18428571428571427 0.03958333333333333
0 0.3082142857142857 0.38385416666666666 0.20892857142857144 0.08567708333333333
7 0.265 0.5390625 0.17535714285714285 0.06979166666666667