14 0.24214285714285713 0.68046875 0.16464285714285715 0.08151041666666667
13 0.5664285714285714 0.36875 0.15357142857142858 0.04375
10 0.7564285714285715 0.7252604166666666 0.2017857142857143 0.09375
3 0.2810714285714286 0.35078125 0.42428571428571427 0.10182291666666667
15 0.4953571428571429 0.7307291666666667 0.17535714285714285 0.12083333333333333
5 0.5 0.5716145833333334 0.19285714285714287 0.043229166666666666
23 0.8071428571428572 0.55078125 0.23357142857142857 0.07239583333333334
8 0.21821428571428572 0.7747395833333334 0.41892857142857143 0.12005208333333334
8 0.3560714285714286 0.6994791666666667 0.10357142857142858 0.03411458333333333
16 0.3675 0.5458333333333333 0.1425 0.06432291666666666
6 0.23142857142857143 0.52890625 0.15857142857142856 0.08125