4 0.12142857142857143 0.5690104166666666 0.2032142857142857 0.22630208333333332
24 0.7553571428571428 0.5421875 0.3339285714285714 0.20104166666666667
12 0.14 0.37890625 0.20392857142857143 0.10104166666666667
9 0.21142857142857144 0.7463541666666667 0.19642857142857142 0.09114583333333333
23 0.16892857142857143 0.18072916666666666 0.25 0.0515625
4 0.5910714285714286 0.6354166666666666 0.2082142857142857 0.07317708333333334
5 0.8775 0.4015625 0.24464285714285713 0.05416666666666667
6 0.3075 0.59296875 0.2125 0.12213541666666666
14 0.6582142857142858 0.74375 0.21107142857142858 0.08802083333333334
15 0.7964285714285714 0.17682291666666666 0.2810714285714286 0.058333333333333334
20 0.3385714285714286 0.19375 0.07928571428571428 0.026302083333333334
16 0.545 0.19635416666666666 0.1407142857142857 0.018489583333333334
21 0.5353571428571429 0.3921875 0.31107142857142855 0.07786458333333333