7 0.7907142857142857 0.7158854166666667 0.22321428571428573 0.08958333333333333
23 0.9021428571428571 0.559375 0.18142857142857144 0.07734375
6 0.3892857142857143 0.35078125 0.18321428571428572 0.10651041666666666
21 0.7139285714285715 0.7916666666666666 0.18642857142857142 0.09739583333333333
10 0.6935714285714286 0.5333333333333333 0.18714285714285714 0.09895833333333333
12 0.35892857142857143 0.71875 0.18535714285714286 0.06380208333333333
0 0.24642857142857144 0.77265625 0.12142857142857143 0.09635416666666667
14 0.5610714285714286 0.70859375 0.10107142857142858 0.10703125
8 0.5582142857142857 0.38697916666666665 0.26607142857142857 0.05546875
9 0.8396428571428571 0.3421875 0.21964285714285714 0.11223958333333334
0 0.11892857142857143 0.7861979166666667 0.12392857142857143 0.1015625
16 0.3867857142857143 0.5440104166666667 0.09071428571428572 0.06067708333333333
16 0.4732142857142857 0.5453125 0.07428571428571429 0.0609375
15 0.22321428571428573 0.5760416666666667 0.245 0.0609375