23 0.5060714285714286 0.77265625 0.1682142857142857 0.07239583333333334
11 0.6539285714285714 0.5755208333333334 0.13428571428571429 0.09322916666666667
12 0.1742857142857143 0.6252604166666667 0.22392857142857142 0.05026041666666667
15 0.2332142857142857 0.8174479166666667 0.2625 0.08697916666666666
4 0.8357142857142857 0.3893229166666667 0.265 0.14713541666666666
23 0.7853571428571429 0.7497395833333333 0.2978571428571429 0.19114583333333332
4 0.8367857142857142 0.6153645833333333 0.18785714285714286 0.0546875
16 0.41785714285714287 0.8143229166666667 0.11321428571428571 0.075
6 0.3532142857142857 0.4239583333333333 0.205 0.07526041666666666
10 0.3917857142857143 0.5908854166666667 0.11678571428571428 0.09479166666666666
9 0.4332142857142857 0.6075520833333333 0.11464285714285714 0.10364583333333334