5 0.6989285714285715 0.38567708333333334 0.185 0.05234375
3 0.4810714285714286 0.5294270833333333 0.3610714285714286 0.13463541666666667
23 0.25392857142857145 0.5763020833333333 0.10642857142857143 0.06484375
6 0.8207142857142857 0.5450520833333333 0.29714285714285715 0.15078125
12 0.8489285714285715 0.7911458333333333 0.24357142857142858 0.09140625
12 0.5560714285714285 0.8158854166666667 0.14857142857142858 0.07734375
8 0.2867857142857143 0.81484375 0.2642857142857143 0.05
22 0.3078571428571429 0.7067708333333333 0.2507142857142857 0.12526041666666668
13 0.32321428571428573 0.3768229166666667 0.16535714285714287 0.059375
8 0.28535714285714286 0.8166666666666667 0.2664285714285714 0.048177083333333336
3 0.4785714285714286 0.5359375 0.3653571428571429 0.13307291666666668
8 0.4 0.7776041666666667 0.2317857142857143 0.03802083333333333