9 0.8167857142857143 0.5388020833333333 0.1717857142857143 0.11875
15 0.5328571428571428 0.5940104166666667 0.17464285714285716 0.05364583333333333
8 0.7860714285714285 0.8010416666666667 0.32142857142857145 0.09244791666666667
14 0.7564285714285715 0.3802083333333333 0.19071428571428573 0.08072916666666667
21 0.4857142857142857 0.7536458333333333 0.21 0.06354166666666666
10 0.7442857142857143 0.7239583333333334 0.19142857142857142 0.07916666666666666
20 0.16464285714285715 0.7927083333333333 0.13357142857142856 0.08932291666666667
23 0.20714285714285716 0.5861979166666667 0.1775 0.07760416666666667
3 0.31607142857142856 0.37994791666666666 0.39714285714285713 0.09635416666666667
6 0.3964285714285714 0.5427083333333333 0.17607142857142857 0.11458333333333333
20 0.32392857142857145 0.77890625 0.09857142857142857 0.06354166666666666
12 0.4160714285714286 0.8223958333333333 0.26607142857142857 0.06484375