3 0.6725 0.3375 0.3467857142857143 0.12447916666666667
12 0.8596428571428572 0.55234375 0.19964285714285715 0.040364583333333336
23 0.6392857142857142 0.5700520833333333 0.20642857142857143 0.07369791666666667
21 0.8557142857142858 0.77578125 0.21642857142857144 0.07630208333333334
14 0.5928571428571429 0.7140625 0.16071428571428573 0.0921875
8 0.19392857142857142 0.5763020833333333 0.3535714285714286 0.10677083333333333
10 0.3439285714285714 0.7151041666666667 0.21928571428571428 0.06302083333333333
6 0.27214285714285713 0.36302083333333335 0.19464285714285715 0.09947916666666666
16 0.4725 0.5669270833333333 0.14464285714285716 0.06458333333333334
21 0.6967857142857142 0.79765625 0.08071428571428571 0.06380208333333333
20 0.3575 0.7973958333333333 0.18464285714285714 0.10104166666666667