24 0.6125 0.7544270833333333 0.2789285714285714 0.1734375
12 0.8539285714285715 0.6109375 0.22892857142857143 0.06796875
23 0.16535714285714287 0.8151041666666666 0.20142857142857143 0.12552083333333333
20 0.19107142857142856 0.6 0.13285714285714287 0.078125
8 0.3132142857142857 0.6096354166666667 0.15428571428571428 0.08255208333333333
5 0.15642857142857142 0.4171875 0.18892857142857142 0.07447916666666667
16 0.5028571428571429 0.61796875 0.08107142857142857 0.06145833333333333
16 0.6075 0.6192708333333333 0.08285714285714285 0.058854166666666666
14 0.7764285714285715 0.7755208333333333 0.07535714285714286 0.09921875
11 0.3782142857142857 0.8208333333333333 0.23285714285714285 0.1296875
15 0.875 0.7979166666666667 0.11785714285714285 0.08671875