23 0.09214285714285714 0.5825520833333333 0.12321428571428572 0.07734375
12 0.36142857142857143 0.7911458333333333 0.21857142857142858 0.09817708333333333
15 0.8189285714285715 0.5908854166666667 0.2067857142857143 0.07239583333333334
23 0.5310714285714285 0.4002604166666667 0.225 0.06510416666666667
16 0.5957142857142858 0.5963541666666666 0.1425 0.062239583333333334
16 0.1467857142857143 0.7744791666666667 0.1175 0.06848958333333334
6 0.2835714285714286 0.534375 0.2017857142857143 0.10364583333333334
21 0.5875 0.7385416666666667 0.14 0.10104166666666667
0 0.47785714285714287 0.55625 0.10642857142857143 0.0875
4 0.7775 0.7919270833333333 0.2525 0.08020833333333334
14 0.8553571428571428 0.384375 0.20785714285714285 0.10078125
20 0.7603571428571428 0.7361979166666667 0.24214285714285713 0.06536458333333334
9 0.10714285714285714 0.40651041666666665 0.19142857142857142 0.07604166666666666
12 0.505 0.4244791666666667 0.24642857142857144 0.033854166666666664