24 0.7221428571428572 0.56328125 0.2857142857142857 0.16692708333333334
4 0.15821428571428572 0.5901041666666667 0.2025 0.20442708333333334
12 0.175 0.42942708333333335 0.18535714285714286 0.09192708333333334
15 0.7371428571428571 0.24114583333333334 0.2367857142857143 0.05078125
23 0.22357142857142856 0.25026041666666665 0.2785714285714286 0.05
9 0.24857142857142858 0.7479166666666667 0.16535714285714287 0.07526041666666666
4 0.5764285714285714 0.6481770833333333 0.18857142857142858 0.06848958333333334
5 0.8321428571428572 0.43828125 0.21 0.051041666666666666
14 0.6428571428571429 0.7401041666666667 0.18571428571428572 0.07005208333333333
6 0.33107142857142857 0.6088541666666667 0.18178571428571427 0.10911458333333333
21 0.5317857142857143 0.43203125 0.2671428571428571 0.07369791666666667
16 0.5457142857142857 0.26510416666666664 0.12178571428571429 0.0140625