14 0.24321428571428572 0.67421875 0.1925 0.09479166666666666
5 0.6982142857142857 0.32109375 0.18214285714285713 0.0703125
15 0.6325 0.6979166666666666 0.21107142857142858 0.06510416666666667
3 0.7821428571428571 0.4908854166666667 0.4357142857142857 0.18177083333333333
13 0.17607142857142857 0.3268229166666667 0.135 0.059895833333333336
10 0.8539285714285715 0.73359375 0.24964285714285714 0.10104166666666667
16 0.32107142857142856 0.7828125 0.10607142857142857 0.07760416666666667
8 0.20107142857142857 0.5348958333333333 0.21892857142857142 0.09427083333333333
16 0.4275 0.7721354166666666 0.08178571428571428 0.0578125
23 0.445 0.5325520833333334 0.2717857142857143 0.09427083333333333
6 0.10071428571428571 0.7885416666666667 0.19035714285714286 0.09583333333333334