11 0.6717857142857143 0.7625 0.14214285714285715 0.09453125
23 0.5021428571428571 0.7994791666666666 0.1 0.07708333333333334
5 0.8592857142857143 0.81484375 0.15357142857142858 0.11223958333333334
13 0.17107142857142857 0.57734375 0.16178571428571428 0.08880208333333334
7 0.6439285714285714 0.5744791666666667 0.10535714285714286 0.08515625
3 0.33321428571428574 0.34765625 0.4067857142857143 0.13177083333333334
22 0.21321428571428572 0.7765625 0.2892857142857143 0.15234375
16 0.40535714285714286 0.6140625 0.0875 0.03984375
16 0.4928571428571429 0.5979166666666667 0.075 0.06328125
14 0.4446428571428571 0.5520833333333334 0.18392857142857144 0.075
9 0.8192857142857143 0.5513020833333333 0.23285714285714285 0.12630208333333334