12 0.44392857142857145 0.7921875 0.1407142857142857 0.08307291666666666
24 0.23285714285714285 0.6981770833333333 0.2885714285714286 0.16614583333333333
23 0.5603571428571429 0.721875 0.16892857142857143 0.054947916666666666
16 0.6657142857142857 0.5518229166666667 0.11142857142857143 0.051041666666666666
11 0.8414285714285714 0.5330729166666667 0.1957142857142857 0.10729166666666666
9 0.8939285714285714 0.7770833333333333 0.17785714285714285 0.09479166666666666
4 0.5946428571428571 0.33619791666666665 0.30892857142857144 0.13489583333333333
10 0.14821428571428572 0.5528645833333333 0.105 0.08307291666666666
4 0.6235714285714286 0.7609375 0.1767857142857143 0.053385416666666664
6 0.715 0.34713541666666664 0.25214285714285717 0.09869791666666666
15 0.45571428571428574 0.5380208333333333 0.28535714285714286 0.06770833333333333