10 0.4275 0.69296875 0.16964285714285715 0.09947916666666666
12 0.6917857142857143 0.8125 0.29285714285714287 0.08046875
6 0.8417857142857142 0.5026041666666666 0.2282142857142857 0.13828125
0 0.20892857142857144 0.34921875 0.19964285714285715 0.06744791666666666
23 0.12 0.73671875 0.17 0.07734375
14 0.6139285714285714 0.4875 0.12785714285714286 0.10390625
8 0.7325 0.7299479166666667 0.38857142857142857 0.12291666666666666
7 0.12535714285714286 0.5171875 0.105 0.07760416666666667
15 0.38392857142857145 0.5716145833333334 0.32142857142857145 0.06145833333333333
7 0.31464285714285717 0.5075520833333333 0.10071428571428571 0.06302083333333333
7 0.22214285714285714 0.5182291666666666 0.08678571428571429 0.07083333333333333
9 0.785 0.31328125 0.215 0.11770833333333333
16 0.5453571428571429 0.3619791666666667 0.16892857142857143 0.04505208333333333
21 0.22392857142857142 0.7877604166666666 0.1075 0.07421875
21 0.3464285714285714 0.76953125 0.12892857142857142 0.0890625