11 0.8357142857142857 0.5903645833333333 0.21464285714285714 0.09739583333333333
6 0.7671428571428571 0.7348958333333333 0.2 0.12239583333333333
15 0.6025 0.8307291666666666 0.2225 0.054947916666666666
16 0.7817857142857143 0.8208333333333333 0.18142857142857144 0.06276041666666667
0 0.12964285714285714 0.6065104166666667 0.19857142857142857 0.11432291666666666
2 0.16035714285714286 0.8091145833333333 0.2532142857142857 0.12265625
17 0.39107142857142857 0.7471354166666667 0.16357142857142856 0.12369791666666667
8 0.3692857142857143 0.5927083333333333 0.19714285714285715 0.0671875
23 0.5578571428571428 0.6130208333333333 0.19214285714285714 0.0671875
12 0.4328571428571429 0.9166666666666666 0.2757142857142857 0.03958333333333333
7 0.26357142857142857 0.8197916666666667 0.12357142857142857 0.10572916666666667