12 0.6025 0.4515625 0.20392857142857143 0.08489583333333334
2 0.7760714285714285 0.4942708333333333 0.3821428571428571 0.07005208333333333
23 0.5435714285714286 0.278125 0.13642857142857143 0.08046875
15 0.10678571428571429 0.2942708333333333 0.19 0.059895833333333336
16 0.23214285714285715 0.49609375 0.1225 0.07786458333333333
8 0.3989285714285714 0.4921875 0.24071428571428571 0.09270833333333334
11 0.39 0.4192708333333333 0.1367857142857143 0.05651041666666667
17 0.8235714285714286 0.22942708333333334 0.2025 0.15182291666666667
23 0.6582142857142858 0.26119791666666664 0.08642857142857142 0.05859375
8 0.3514285714285714 0.9434895833333333 0.4060714285714286 0.10364583333333334
6 0.55 0.20885416666666667 0.2557142857142857 0.09817708333333333