9 0.12535714285714286 0.34739583333333335 0.19964285714285715 0.10651041666666666
6 0.7642857142857142 0.34609375 0.23857142857142857 0.08645833333333333
23 0.18642857142857142 0.56875 0.16714285714285715 0.08489583333333334
16 0.69 0.55546875 0.11285714285714285 0.04296875
4 0.16428571428571428 0.73359375 0.23035714285714284 0.178125
15 0.5346428571428572 0.5578125 0.16035714285714286 0.04505208333333333
5 0.7371428571428571 0.759375 0.1775 0.08671875
12 0.5325 0.7979166666666667 0.19964285714285715 0.07604166666666666
4 0.6667857142857143 0.7890625 0.18178571428571427 0.06692708333333333
10 0.9260714285714285 0.7609375 0.10964285714285714 0.12838541666666667
11 0.31 0.5341145833333333 0.20464285714285715 0.12526041666666668
1 0.335 0.7877604166666666 0.15285714285714286 0.12109375
24 0.7742857142857142 0.6942708333333333 0.2864285714285714 0.14557291666666666
15 0.8128571428571428 0.55546875 0.12571428571428572 0.033854166666666664