5 0.15642857142857142 0.8674479166666667 0.19071428571428573 0.08333333333333333
11 0.8507142857142858 0.7096354166666666 0.2007142857142857 0.1140625
15 0.4496428571428571 0.5046875 0.10928571428571429 0.042708333333333334
16 0.31607142857142856 0.50546875 0.17285714285714285 0.05651041666666667
6 0.6378571428571429 0.6752604166666667 0.195 0.12473958333333333
15 0.2982142857142857 0.4635416666666667 0.22428571428571428 0.08203125
23 0.36392857142857143 0.6760416666666667 0.2067857142857143 0.08723958333333333
14 0.605 0.44505208333333335 0.21107142857142858 0.11145833333333334
12 0.8525 0.49557291666666664 0.295 0.071875
4 0.5310714285714285 0.71640625 0.14535714285714285 0.11588541666666667
4 0.12714285714285714 0.6971354166666667 0.25392857142857145 0.19609375
15 0.12428571428571429 0.5078125 0.2117857142857143 0.05234375