21 0.3875 0.17395833333333333 0.19071428571428573 0.09479166666666666
15 0.3985714285714286 0.49192708333333335 0.11607142857142858 0.058333333333333334
9 0.5732142857142857 0.46380208333333334 0.12892857142857142 0.07421875
12 0.7771428571428571 0.50859375 0.12107142857142857 0.071875
6 0.675 0.16432291666666668 0.14035714285714285 0.10494791666666667
7 0.42 0.35234375 0.16 0.06901041666666667
23 0.7764285714285715 0.37109375 0.15535714285714286 0.07135416666666666
11 0.22785714285714287 0.40963541666666664 0.245 0.10182291666666667
14 0.5342857142857143 0.5375 0.11392857142857143 0.058854166666666666
4 0.6010714285714286 0.3221354166666667 0.14464285714285716 0.09609375
20 0.23535714285714285 0.5255208333333333 0.12857142857142856 0.07604166666666666