21 0.3875 0.17395833333333333 0.19107142857142856 0.09505208333333333
15 0.3985714285714286 0.4921875 0.11642857142857142 0.058333333333333334
9 0.5732142857142857 0.4640625 0.12892857142857142 0.07395833333333333
12 0.7771428571428571 0.50859375 0.12142857142857143 0.07161458333333333
7 0.42 0.35234375 0.16 0.06927083333333334
6 0.6753571428571429 0.16432291666666668 0.14 0.10494791666666667
23 0.7764285714285715 0.37109375 0.15535714285714286 0.07109375
11 0.22785714285714287 0.4083333333333333 0.24464285714285713 0.09947916666666666
14 0.5339285714285714 0.5375 0.11392857142857143 0.05911458333333333
4 0.6082142857142857 0.3294270833333333 0.14535714285714285 0.08958333333333333
20 0.23392857142857143 0.525 0.12571428571428572 0.08489583333333334