11 0.2057142857142857 0.51875 0.24857142857142858 0.07161458333333333
18 0.35285714285714287 0.6760416666666667 0.22535714285714287 0.07942708333333333
9 0.455 0.28984375 0.19357142857142856 0.09192708333333334
12 0.1725 0.3190104166666667 0.22535714285714287 0.0578125
7 0.22892857142857143 0.61640625 0.12321428571428572 0.08072916666666667
15 0.6289285714285714 0.66484375 0.12 0.06666666666666667
3 0.5432142857142858 0.59296875 0.22107142857142856 0.08151041666666667
6 0.6964285714285714 0.45234375 0.14 0.08854166666666667
8 0.3842857142857143 0.47708333333333336 0.1275 0.045572916666666664
23 0.7378571428571429 0.3255208333333333 0.165 0.06458333333333334
14 0.5089285714285714 0.521875 0.12321428571428572 0.06510416666666667