22 0.6628571428571428 0.21927083333333333 0.28 0.16458333333333333
8 0.6364285714285715 0.6671875 0.14392857142857143 0.07942708333333333
12 0.4367857142857143 0.6705729166666666 0.18714285714285714 0.06927083333333334
9 0.5128571428571429 0.6075520833333333 0.12428571428571429 0.06666666666666667
23 0.6246428571428572 0.7692708333333333 0.07357142857142857 0.058854166666666666
15 0.8025 0.46041666666666664 0.18285714285714286 0.03828125
23 0.5492857142857143 0.7700520833333333 0.07678571428571429 0.06302083333333333
4 0.7603571428571428 0.6333333333333333 0.22607142857142856 0.08151041666666667
16 0.20714285714285716 0.4557291666666667 0.08928571428571429 0.062239583333333334
9 0.5475 0.41640625 0.20714285714285716 0.10625
23 0.7857142857142857 0.7604166666666666 0.08571428571428572 0.04296875
13 0.3439285714285714 0.27265625 0.24071428571428571 0.0375
7 0.24321428571428572 0.6372395833333333 0.11285714285714285 0.11875