9 0.2257142857142857 0.5971354166666667 0.15035714285714286 0.08567708333333333
12 0.7467857142857143 0.6263020833333334 0.1657142857142857 0.06614583333333333
7 0.21571428571428572 0.32083333333333336 0.17214285714285715 0.054427083333333334
3 0.6925 0.29791666666666666 0.245 0.10885416666666667
11 0.4521428571428571 0.68984375 0.21678571428571428 0.07682291666666667
23 0.7492857142857143 0.5080729166666667 0.18821428571428572 0.07291666666666667
8 0.6035714285714285 0.49114583333333334 0.09107142857142857 0.044270833333333336
20 0.41892857142857143 0.46458333333333335 0.20035714285714284 0.049479166666666664
21 0.5253571428571429 0.59765625 0.1407142857142857 0.06770833333333333
4 0.41928571428571426 0.31744791666666666 0.12321428571428572 0.049479166666666664
13 0.22428571428571428 0.5057291666666667 0.20464285714285715 0.05286458333333333