22 0.7667857142857143 0.21171875 0.28464285714285714 0.17083333333333334
12 0.735 0.6565104166666667 0.21 0.062239583333333334
13 0.2525 0.26666666666666666 0.19357142857142856 0.0421875
15 0.2075 0.6427083333333333 0.17107142857142857 0.05182291666666667
4 0.7257142857142858 0.6083333333333333 0.24285714285714285 0.06666666666666667
8 0.42964285714285716 0.6416666666666667 0.2332142857142857 0.05911458333333333
16 0.5907142857142857 0.64921875 0.11428571428571428 0.04973958333333333
23 0.3921428571428571 0.43359375 0.07821428571428571 0.05520833333333333
23 0.30178571428571427 0.4315104166666667 0.09714285714285714 0.0671875
9 0.5489285714285714 0.39765625 0.19035714285714286 0.09869791666666666
9 0.8528571428571429 0.43723958333333335 0.14857142857142858 0.06979166666666667
7 0.34 0.5817708333333333 0.1725 0.08177083333333333