22 0.6442857142857142 0.22317708333333333 0.21214285714285713 0.14192708333333334
13 0.3267857142857143 0.26953125 0.22178571428571428 0.039322916666666666
9 0.5471428571428572 0.41432291666666665 0.19392857142857142 0.08489583333333334
16 0.215 0.4453125 0.06321428571428571 0.058854166666666666
9 0.3921428571428571 0.4432291666666667 0.11785714285714285 0.07942708333333333
15 0.7882142857142858 0.45625 0.18107142857142858 0.03697916666666667
7 0.2567857142857143 0.6192708333333333 0.11428571428571428 0.10885416666666667
12 0.43107142857142855 0.6479166666666667 0.17 0.0640625
8 0.6292857142857143 0.6442708333333333 0.11678571428571428 0.08098958333333334
4 0.7446428571428572 0.61953125 0.2375 0.065625
23 0.5853571428571429 0.7497395833333333 0.1525 0.055989583333333336
23 0.7696428571428572 0.7395833333333334 0.07892857142857143 0.046875