3 0.6207142857142857 0.5955729166666667 0.20892857142857144 0.1
12 0.09107142857142857 0.4822916666666667 0.14714285714285713 0.09661458333333334
14 0.8110714285714286 0.51484375 0.125 0.051041666666666666
11 0.29 0.6859375 0.22964285714285715 0.08098958333333334
15 0.5460714285714285 0.6880208333333333 0.14785714285714285 0.05625
6 0.2571428571428571 0.4434895833333333 0.145 0.08671875
9 0.42857142857142855 0.5890625 0.15785714285714286 0.07916666666666666
18 0.15928571428571428 0.31953125 0.22892857142857143 0.05520833333333333
23 0.18785714285714286 0.6041666666666666 0.13142857142857142 0.07213541666666666
8 0.8089285714285714 0.32708333333333334 0.10785714285714286 0.049479166666666664
21 0.5610714285714286 0.3138020833333333 0.23535714285714285 0.0515625
4 0.3717857142857143 0.3109375 0.1442857142857143 0.0515625
20 0.43142857142857144 0.48125 0.12821428571428573 0.061197916666666664
7 0.6375 0.4627604166666667 0.1225 0.058854166666666666