12 0.7457142857142857 0.6752604166666667 0.1682142857142857 0.0796875
9 0.26071428571428573 0.6145833333333334 0.21321428571428572 0.11354166666666667
23 0.3182142857142857 0.45416666666666666 0.11714285714285715 0.06848958333333334
8 0.8282142857142857 0.6640625 0.095 0.0875
23 0.4235714285714286 0.45807291666666666 0.08714285714285715 0.05651041666666667
4 0.7839285714285714 0.45651041666666664 0.24785714285714286 0.08046875
16 0.5821428571428572 0.6763020833333333 0.062142857142857146 0.057291666666666664
22 0.7832142857142858 0.2596354166666667 0.2978571428571429 0.10963541666666667
16 0.4967857142857143 0.6731770833333334 0.0675 0.058333333333333334
7 0.5057142857142857 0.6192708333333333 0.19107142857142856 0.08619791666666667
13 0.49357142857142855 0.29296875 0.21035714285714285 0.04244791666666667