21 0.4057142857142857 0.6544270833333333 0.23535714285714285 0.07447916666666667
14 0.5317857142857143 0.5903645833333333 0.15428571428571428 0.09375
10 0.49464285714285716 0.28046875 0.2007142857142857 0.07109375
4 0.27071428571428574 0.603125 0.2317857142857143 0.07526041666666666
12 0.4692857142857143 0.47552083333333334 0.20607142857142857 0.03828125
20 0.6553571428571429 0.4453125 0.08285714285714285 0.06484375
8 0.6814285714285714 0.66015625 0.14892857142857144 0.109375
23 0.22714285714285715 0.4432291666666667 0.08035714285714286 0.05703125
20 0.79 0.4515625 0.09321428571428571 0.06588541666666667
20 0.5746428571428571 0.44296875 0.075 0.05651041666666667
23 0.4032142857142857 0.4479166666666667 0.08785714285714286 0.046875
16 0.7042857142857143 0.30494791666666665 0.1075 0.021354166666666667
13 0.21392857142857144 0.28567708333333336 0.08035714285714286 0.047135416666666666