3 0.6035714285714285 0.27682291666666664 0.24321428571428572 0.06145833333333333
7 0.21821428571428572 0.3223958333333333 0.1632142857142857 0.05260416666666667
20 0.5310714285714285 0.3265625 0.15964285714285714 0.05859375
18 0.7596428571428572 0.334375 0.2621428571428571 0.050520833333333334
6 0.35535714285714287 0.45625 0.12714285714285714 0.08255208333333333
14 0.2625 0.5197916666666667 0.1357142857142857 0.045572916666666664
15 0.47285714285714286 0.51875 0.12428571428571429 0.04296875
8 0.5807142857142857 0.48125 0.12821428571428573 0.04192708333333333
23 0.7492857142857143 0.5067708333333333 0.18107142857142858 0.07317708333333334
9 0.22107142857142856 0.6036458333333333 0.15714285714285714 0.08203125
21 0.5246428571428572 0.5994791666666667 0.1407142857142857 0.0734375
12 0.7567857142857143 0.6307291666666667 0.15571428571428572 0.06432291666666666
11 0.3585714285714286 0.6885416666666667 0.2057142857142857 0.07552083333333333
13 0.6485714285714286 0.68828125 0.19964285714285715 0.06640625