14 0.8117857142857143 0.5151041666666667 0.12142857142857143 0.051041666666666666
3 0.6210714285714286 0.5955729166666667 0.2092857142857143 0.09973958333333334
12 0.09178571428571429 0.4825520833333333 0.14642857142857144 0.096875
15 0.5464285714285714 0.6877604166666667 0.14642857142857144 0.05651041666666667
11 0.2892857142857143 0.6861979166666666 0.2307142857142857 0.07994791666666666
6 0.2571428571428571 0.4434895833333333 0.14464285714285716 0.08645833333333333
18 0.15821428571428572 0.31979166666666664 0.22714285714285715 0.05546875
8 0.8092857142857143 0.32734375 0.10857142857142857 0.04895833333333333
23 0.18785714285714286 0.6044270833333333 0.13178571428571428 0.07265625
4 0.36607142857142855 0.30833333333333335 0.14392857142857143 0.05234375
21 0.5628571428571428 0.3143229166666667 0.2292857142857143 0.0625
20 0.4328571428571429 0.4828125 0.13392857142857142 0.065625
7 0.6396428571428572 0.4583333333333333 0.12035714285714286 0.06666666666666667