5 0.7439285714285714 0.27682291666666664 0.14464285714285716 0.034375
13 0.28464285714285714 0.2682291666666667 0.22178571428571428 0.03203125
14 0.20857142857142857 0.4140625 0.16107142857142856 0.07942708333333333
3 0.3142857142857143 0.5708333333333333 0.19714285714285715 0.15338541666666666
22 0.48678571428571427 0.41041666666666665 0.2392857142857143 0.10625
9 0.6278571428571429 0.5932291666666667 0.17857142857142858 0.10546875
23 0.1625 0.6432291666666666 0.09285714285714286 0.0640625
23 0.2782142857142857 0.6361979166666667 0.09178571428571429 0.06484375
16 0.47285714285714286 0.6513020833333333 0.11 0.051041666666666666
11 0.8117857142857143 0.6286458333333333 0.14357142857142857 0.103125
7 0.8814285714285715 0.434375 0.13428571428571429 0.08098958333333334