14 0.8117857142857143 0.5153645833333333 0.12464285714285714 0.05286458333333333
3 0.68 0.60234375 0.18928571428571428 0.1015625
11 0.2317857142857143 0.5044270833333333 0.22071428571428572 0.06588541666666667
12 0.19892857142857143 0.6208333333333333 0.21357142857142858 0.06666666666666667
15 0.26285714285714284 0.68828125 0.07857142857142857 0.05755208333333333
18 0.15892857142857142 0.31953125 0.23 0.05677083333333333
6 0.3925 0.44192708333333336 0.16178571428571428 0.08515625
7 0.5492857142857143 0.4796875 0.15357142857142858 0.062239583333333334
15 0.3417857142857143 0.665625 0.07607142857142857 0.05260416666666667
13 0.6092857142857143 0.6815104166666667 0.2007142857142857 0.071875
4 0.3692857142857143 0.30963541666666666 0.1367857142857143 0.04973958333333333
21 0.5635714285714286 0.31223958333333335 0.2292857142857143 0.062239583333333334