6 0.19678571428571429 0.26614583333333336 0.18428571428571427 0.09453125
0 0.4546428571428571 0.2903645833333333 0.20214285714285715 0.05755208333333333
9 0.8117857142857143 0.27760416666666665 0.19964285714285715 0.09296875
16 0.12535714285714286 0.47265625 0.15821428571428572 0.0609375
7 0.31214285714285717 0.4309895833333333 0.19035714285714286 0.08229166666666667
15 0.45714285714285713 0.4830729166666667 0.295 0.0546875
14 0.6417857142857143 0.42552083333333335 0.0975 0.09010416666666667
23 0.19464285714285715 0.63828125 0.16035714285714286 0.06510416666666667
21 0.3575 0.6731770833333334 0.20607142857142857 0.07369791666666667
10 0.4635714285714286 0.6020833333333333 0.16464285714285715 0.09010416666666667
8 0.7403571428571428 0.6361979166666667 0.34035714285714286 0.09713541666666667
8 0.7146428571428571 0.7026041666666667 0.24642857142857144 0.07161458333333333