5 0.18785714285714286 0.28229166666666666 0.15392857142857144 0.05364583333333333
23 0.41785714285714287 0.29140625 0.22785714285714287 0.04244791666666667
6 0.6953571428571429 0.26614583333333336 0.1757142857142857 0.08619791666666667
10 0.83 0.26197916666666665 0.115 0.10416666666666667
1 0.17357142857142857 0.4484375 0.15178571428571427 0.09609375
9 0.8714285714285714 0.4557291666666667 0.16714285714285715 0.09114583333333333
15 0.5675 0.45651041666666664 0.1757142857142857 0.06015625
16 0.7032142857142857 0.46380208333333334 0.11714285714285715 0.052083333333333336
12 0.37535714285714283 0.66640625 0.19535714285714287 0.07317708333333334
11 0.4275 0.5973958333333333 0.18214285714285713 0.10416666666666667
24 0.7639285714285714 0.5958333333333333 0.3082142857142857 0.17239583333333333