22 0.7746428571428572 0.18515625 0.2885714285714286 0.18046875
12 0.7378571428571429 0.6223958333333334 0.16642857142857143 0.07135416666666666
9 0.2642857142857143 0.5755208333333334 0.2057142857142857 0.10807291666666667
23 0.315 0.4200520833333333 0.11357142857142857 0.06666666666666667
23 0.4164285714285714 0.4171875 0.08714285714285715 0.05416666666666667
4 0.7692857142857142 0.40989583333333335 0.24857142857142858 0.07838541666666667
8 0.8171428571428572 0.609375 0.09607142857142857 0.08307291666666666
16 0.49464285714285716 0.62578125 0.06857142857142857 0.054427083333333334
16 0.5785714285714286 0.6265625 0.062142857142857146 0.05364583333333333
13 0.2689285714285714 0.25729166666666664 0.2082142857142857 0.045572916666666664
7 0.5057142857142857 0.56484375 0.17357142857142857 0.08802083333333334