24 0.28 0.55625 0.25892857142857145 0.14010416666666667
11 0.8417857142857142 0.6229166666666667 0.19107142857142856 0.11640625
12 0.39964285714285713 0.6489583333333333 0.18107142857142858 0.07083333333333333
5 0.1825 0.2596354166666667 0.1457142857142857 0.0578125
1 0.16178571428571428 0.4265625 0.13607142857142857 0.09427083333333333
10 0.8442857142857143 0.23723958333333334 0.11785714285714285 0.09635416666666667
9 0.6160714285714286 0.6466145833333333 0.16142857142857142 0.09114583333333333
23 0.4732142857142857 0.26614583333333336 0.11964285714285715 0.04635416666666667
23 0.36464285714285716 0.265625 0.11928571428571429 0.04791666666666667
4 0.1975 0.6434895833333333 0.18321428571428572 0.06510416666666667
6 0.7082142857142857 0.24270833333333333 0.17464285714285716 0.0890625
12 0.7210714285714286 0.44192708333333336 0.0975 0.05026041666666667
4 0.4539285714285714 0.42994791666666665 0.2392857142857143 0.08489583333333334
15 0.8682142857142857 0.44036458333333334 0.18214285714285713 0.05364583333333333
15 0.6196428571428572 0.44765625 0.11071428571428571 0.029166666666666667