3 0.6807142857142857 0.6005208333333333 0.19 0.1
14 0.8089285714285714 0.5122395833333333 0.12428571428571429 0.04869791666666667
7 0.5482142857142858 0.48020833333333335 0.15178571428571427 0.059895833333333336
13 0.6403571428571428 0.6825520833333333 0.12678571428571428 0.07005208333333333
11 0.2307142857142857 0.5020833333333333 0.22607142857142856 0.06302083333333333
6 0.3914285714285714 0.44505208333333335 0.1632142857142857 0.08359375
21 0.5610714285714286 0.3143229166666667 0.23642857142857143 0.05130208333333333
15 0.2625 0.6869791666666667 0.07535714285714286 0.0546875
12 0.20214285714285715 0.6197916666666666 0.215 0.06458333333333334
15 0.32571428571428573 0.665625 0.10857142857142857 0.05
4 0.3653571428571429 0.30885416666666665 0.14714285714285713 0.0546875
18 0.16107142857142856 0.31744791666666666 0.23 0.048177083333333336