15 0.8714285714285714 0.80078125 0.2225 0.08203125
9 0.5185714285714286 0.24921875 0.24321428571428572 0.12109375
7 0.12321428571428572 0.2872395833333333 0.19642857142857142 0.07838541666666667
8 0.1675 0.5247395833333334 0.17357142857142857 0.09817708333333333
23 0.5325 0.49713541666666666 0.2032142857142857 0.07838541666666667
13 0.44 0.76640625 0.23785714285714285 0.09166666666666666
3 0.7614285714285715 0.67421875 0.325 0.14166666666666666
6 0.7828571428571428 0.45546875 0.2017857142857143 0.11197916666666667
14 0.11714285714285715 0.78671875 0.1707142857142857 0.06458333333333334
12 0.17857142857142858 0.6864583333333333 0.29714285714285715 0.08697916666666666
18 0.31142857142857144 0.28958333333333336 0.18142857142857144 0.065625
4 0.8303571428571429 0.2526041666666667 0.19607142857142856 0.11744791666666667
20 0.8871428571428571 0.52734375 0.17821428571428571 0.09010416666666667