9 0.25642857142857145 0.27265625 0.19142857142857142 0.09479166666666666
6 0.48142857142857143 0.2596354166666667 0.17964285714285713 0.11744791666666667
3 0.7939285714285714 0.26796875 0.3485714285714286 0.10442708333333334
12 0.2082142857142857 0.4713541666666667 0.24464285714285713 0.042708333333333334
16 0.3896428571428571 0.4588541666666667 0.15892857142857142 0.04192708333333333
23 0.5367857142857143 0.45598958333333334 0.16 0.06067708333333333
8 0.7760714285714285 0.4625 0.30642857142857144 0.06380208333333333
4 0.3482142857142857 0.5986979166666667 0.17857142857142858 0.07786458333333333
10 0.27 0.64609375 0.25107142857142856 0.10390625
21 0.5521428571428572 0.61640625 0.16428571428571428 0.06875
15 0.5660714285714286 0.6744791666666666 0.16642857142857143 0.06328125
14 0.7667857142857143 0.5934895833333333 0.12535714285714286 0.07213541666666666
20 0.8275 0.6677083333333333 0.18178571428571427 0.07708333333333334