8 0.5442857142857143 0.6375 0.22178571428571428 0.06979166666666667
23 0.5439285714285714 0.72265625 0.07678571428571429 0.06067708333333333
12 0.7971428571428572 0.4348958333333333 0.23535714285714285 0.05182291666666667
23 0.6146428571428572 0.7229166666666667 0.07107142857142858 0.05260416666666667
7 0.235 0.5763020833333333 0.18428571428571427 0.08984375
4 0.7496428571428572 0.5997395833333333 0.22714285714285715 0.07942708333333333
9 0.5460714285714285 0.38645833333333335 0.2032142857142857 0.103125
23 0.7714285714285715 0.7161458333333334 0.08571428571428572 0.04401041666666667
16 0.21892857142857142 0.4236979166666667 0.08571428571428572 0.062239583333333334
22 0.6614285714285715 0.19973958333333333 0.2725 0.16041666666666668
9 0.51 0.5692708333333333 0.12714285714285714 0.06510416666666667
13 0.3407142857142857 0.2515625 0.19107142857142856 0.040625
15 0.3917857142857143 0.43776041666666665 0.1325 0.0390625