9 0.5732142857142857 0.25364583333333335 0.21392857142857144 0.13046875
3 0.7703571428571429 0.6872395833333333 0.3267857142857143 0.14635416666666667
21 0.5328571428571428 0.5143229166666666 0.22714285714285715 0.07552083333333333
14 0.11357142857142857 0.8010416666666667 0.17607142857142857 0.06536458333333334
20 0.8882142857142857 0.5346354166666667 0.2017857142857143 0.09166666666666666
6 0.7885714285714286 0.465625 0.2032142857142857 0.1125
13 0.4492857142857143 0.7815104166666667 0.24392857142857144 0.09348958333333333
12 0.17392857142857143 0.7002604166666667 0.30607142857142855 0.0890625
7 0.12821428571428573 0.29713541666666665 0.22142857142857142 0.07291666666666667
15 0.21678571428571428 0.5380208333333333 0.30107142857142855 0.09166666666666666
4 0.8385714285714285 0.24973958333333332 0.18285714285714286 0.11588541666666667