3 0.6810714285714285 0.6005208333333333 0.18928571428571428 0.09921875
15 0.8096428571428571 0.5135416666666667 0.12535714285714286 0.049479166666666664
7 0.5482142857142858 0.48020833333333335 0.15178571428571427 0.059895833333333336
11 0.23535714285714285 0.5028645833333333 0.225 0.06354166666666666
6 0.39107142857142857 0.44583333333333336 0.1632142857142857 0.08333333333333333
12 0.2017857142857143 0.6197916666666666 0.215 0.06458333333333334
15 0.26285714285714284 0.6872395833333333 0.075 0.054947916666666666
13 0.6410714285714286 0.6830729166666667 0.1275 0.06901041666666667
15 0.33 0.665625 0.09928571428571428 0.05
21 0.5660714285714286 0.3143229166666667 0.23142857142857143 0.05260416666666667
4 0.37 0.31145833333333334 0.14392857142857143 0.04921875
18 0.16535714285714287 0.3184895833333333 0.23357142857142857 0.053385416666666664