3 0.7007142857142857 0.29765625 0.25035714285714283 0.10989583333333333
11 0.4539285714285714 0.6877604166666667 0.22428571428571428 0.08151041666666667
4 0.42714285714285716 0.3177083333333333 0.14535714285714285 0.058333333333333334
7 0.21964285714285714 0.30807291666666664 0.17535714285714285 0.06197916666666667
21 0.5235714285714286 0.5895833333333333 0.13964285714285715 0.07239583333333334
12 0.7471428571428571 0.6268229166666667 0.17107142857142857 0.07317708333333334
8 0.6042857142857143 0.4890625 0.09178571428571429 0.05520833333333333
23 0.7503571428571428 0.50078125 0.19 0.08177083333333333
15 0.4157142857142857 0.46640625 0.20142857142857143 0.06145833333333333
13 0.22392857142857142 0.50390625 0.2067857142857143 0.05546875
9 0.21964285714285714 0.6015625 0.15107142857142858 0.08125