3 0.6214285714285714 0.5966145833333333 0.20785714285714285 0.09635416666666667
14 0.8107142857142857 0.5127604166666667 0.12214285714285714 0.04869791666666667
9 0.4210714285714286 0.5921875 0.15321428571428572 0.07734375
12 0.08857142857142856 0.47890625 0.13214285714285715 0.09453125
11 0.29 0.68515625 0.23285714285714285 0.07552083333333333
8 0.8121428571428572 0.32890625 0.10357142857142858 0.04296875
15 0.5485714285714286 0.68828125 0.13857142857142857 0.05286458333333333
6 0.26035714285714284 0.44114583333333335 0.14464285714285716 0.08359375
7 0.6375 0.4578125 0.1125 0.05807291666666667
20 0.43142857142857144 0.4791666666666667 0.13785714285714284 0.06510416666666667
23 0.18928571428571428 0.6072916666666667 0.13214285714285715 0.0734375
21 0.5625 0.3125 0.23035714285714284 0.05807291666666667
20 0.37142857142857144 0.30885416666666665 0.14357142857142857 0.048177083333333336
18 0.16535714285714287 0.31692708333333336 0.2325 0.04765625