22 0.5289285714285714 0.34921875 0.24035714285714285 0.1109375
4 0.7578571428571429 0.56484375 0.21857142857142858 0.07161458333333333
23 0.6257142857142857 0.7065104166666667 0.15464285714285714 0.06302083333333333
9 0.8685714285714285 0.6109375 0.1457142857142857 0.08723958333333333
7 0.2675 0.5432291666666667 0.19357142857142856 0.07786458333333333
23 0.8421428571428572 0.6997395833333333 0.08857142857142856 0.045572916666666664
15 0.31464285714285717 0.6158854166666666 0.18607142857142858 0.046614583333333334
16 0.8132142857142857 0.4049479166666667 0.13607142857142857 0.057291666666666664
8 0.2732142857142857 0.40572916666666664 0.1367857142857143 0.05625
12 0.3414285714285714 0.3997395833333333 0.1475 0.0484375
13 0.7675 0.3692708333333333 0.21607142857142858 0.061197916666666664
9 0.5067857142857143 0.5338541666666666 0.18428571428571427 0.11067708333333333