9 0.22607142857142856 0.5973958333333333 0.15107142857142858 0.08567708333333333
12 0.7228571428571429 0.6263020833333334 0.1175 0.06640625
11 0.45285714285714285 0.6901041666666666 0.21642857142857144 0.07682291666666667
7 0.21357142857142858 0.32057291666666665 0.1682142857142857 0.053385416666666664
23 0.7492857142857143 0.5083333333333333 0.18785714285714286 0.0734375
3 0.6928571428571428 0.2986979166666667 0.24678571428571427 0.10833333333333334
8 0.6035714285714285 0.49166666666666664 0.09107142857142857 0.04348958333333333
20 0.4182142857142857 0.46484375 0.19714285714285715 0.049479166666666664
4 0.3675 0.3138020833333333 0.13857142857142857 0.055989583333333336
13 0.22142857142857142 0.5018229166666667 0.1992857142857143 0.053385416666666664
21 0.5228571428571429 0.59765625 0.1325 0.07291666666666667