24 0.8007142857142857 0.6046875 0.3125 0.1828125
12 0.22464285714285714 0.6380208333333334 0.2067857142857143 0.07317708333333334
6 0.7860714285714285 0.25 0.215 0.10963541666666667
23 0.3653571428571429 0.42578125 0.1992857142857143 0.08776041666666666
4 0.19285714285714287 0.22213541666666667 0.23285714285714285 0.15390625
9 0.32285714285714284 0.5864583333333333 0.13607142857142857 0.0765625
11 0.7528571428571429 0.4393229166666667 0.30214285714285716 0.08072916666666667
15 0.47035714285714286 0.6380208333333334 0.19535714285714287 0.08671875
4 0.5557142857142857 0.27057291666666666 0.2032142857142857 0.06640625
16 0.19964285714285715 0.28541666666666665 0.13357142857142856 0.0328125
5 0.45035714285714284 0.27838541666666666 0.12821428571428573 0.05859375