9 0.18821428571428572 0.6330729166666667 0.19178571428571428 0.10520833333333333
3 0.5267857142857143 0.4421875 0.2557142857142857 0.08880208333333334
11 0.8025 0.7 0.23357142857142857 0.07760416666666667
14 0.21571428571428572 0.3255208333333333 0.1432142857142857 0.04088541666666667
12 0.42142857142857143 0.68125 0.16464285714285715 0.09166666666666666
15 0.5003571428571428 0.5111979166666667 0.12142857142857143 0.06380208333333333
18 0.8071428571428572 0.3151041666666667 0.21285714285714286 0.0546875
6 0.6303571428571428 0.27239583333333334 0.13464285714285715 0.09817708333333333
7 0.3682142857142857 0.3033854166666667 0.11035714285714286 0.0546875
8 0.6585714285714286 0.6463541666666667 0.07857142857142857 0.071875
21 0.4853571428571429 0.6020833333333333 0.16892857142857143 0.08072916666666667
20 0.505 0.3138020833333333 0.14821428571428572 0.07604166666666666
4 0.7996428571428571 0.509375 0.20392857142857143 0.0671875
13 0.24357142857142858 0.48828125 0.1717857142857143 0.06536458333333334