12 0.35464285714285715 0.6309895833333333 0.1682142857142857 0.07473958333333333
5 0.6232142857142857 0.6096354166666667 0.1407142857142857 0.09348958333333333
6 0.7828571428571428 0.23515625 0.22071428571428572 0.1125
24 0.7553571428571428 0.5739583333333333 0.2675 0.13541666666666666
4 0.18428571428571427 0.21302083333333333 0.23642857142857143 0.1671875
11 0.8003571428571429 0.42213541666666665 0.2475 0.07838541666666667
23 0.6239285714285714 0.428125 0.10428571428571429 0.0875
23 0.5735714285714286 0.42630208333333336 0.2092857142857143 0.08619791666666667
21 0.44 0.5799479166666667 0.17642857142857143 0.06692708333333333
14 0.15642857142857142 0.40182291666666664 0.09928571428571428 0.09609375
9 0.1632142857142857 0.2559895833333333 0.18071428571428572 0.065625
20 0.2007142857142857 0.6283854166666667 0.1367857142857143 0.078125
4 0.36142857142857143 0.42161458333333335 0.16714285714285715 0.09427083333333333
16 0.23964285714285713 0.42890625 0.08464285714285714 0.050520833333333334
15 0.41785714285714287 0.275 0.14964285714285713 0.029166666666666667