9 0.14892857142857144 0.6328125 0.20035714285714284 0.10755208333333334
14 0.17892857142857144 0.32083333333333336 0.14964285714285713 0.04791666666666667
3 0.4882142857142857 0.44244791666666666 0.24892857142857142 0.09427083333333333
11 0.7621428571428571 0.6958333333333333 0.23535714285714285 0.08046875
12 0.3892857142857143 0.678125 0.1692857142857143 0.09427083333333333
6 0.6775 0.2794270833333333 0.15821428571428572 0.11484375
7 0.38357142857142856 0.30390625 0.13642857142857143 0.05807291666666667
8 0.6239285714285714 0.6424479166666667 0.07678571428571429 0.07291666666666667
13 0.22107142857142856 0.48723958333333334 0.18714285714285714 0.06796875
4 0.7642857142857142 0.5005208333333333 0.2067857142857143 0.06979166666666667
21 0.4585714285714286 0.5950520833333334 0.16857142857142857 0.07395833333333333