3 0.7003571428571429 0.29765625 0.24964285714285714 0.10989583333333333
11 0.4542857142857143 0.6885416666666667 0.225 0.08125
7 0.22 0.3078125 0.175 0.06171875
21 0.5239285714285714 0.5893229166666667 0.14 0.071875
4 0.425 0.31744791666666666 0.14107142857142857 0.058333333333333334
12 0.7467857142857143 0.62109375 0.17035714285714285 0.07395833333333333
8 0.6042857142857143 0.48880208333333336 0.09142857142857143 0.05546875
23 0.7503571428571428 0.5005208333333333 0.18964285714285714 0.08072916666666667
15 0.4160714285714286 0.4669270833333333 0.20107142857142857 0.06171875
13 0.22178571428571428 0.5044270833333333 0.2067857142857143 0.05677083333333333
9 0.22035714285714286 0.6026041666666667 0.15964285714285714 0.08958333333333333