22 0.8585714285714285 0.41822916666666665 0.24714285714285714 0.13828125
12 0.7507142857142857 0.6596354166666667 0.19857142857142857 0.06458333333333334
8 0.8742857142857143 0.6567708333333333 0.15178571428571427 0.08802083333333334
9 0.2714285714285714 0.6192708333333333 0.21785714285714286 0.11536458333333334
23 0.3242857142857143 0.4513020833333333 0.11857142857142858 0.07109375
4 0.1875 0.23229166666666667 0.2664285714285714 0.146875
7 0.5232142857142857 0.6356770833333333 0.11607142857142858 0.10494791666666667
23 0.42964285714285716 0.4513020833333333 0.08785714285714286 0.06171875
16 0.5828571428571429 0.45416666666666666 0.06821428571428571 0.05
16 0.5082142857142857 0.4583333333333333 0.060714285714285714 0.05
13 0.49357142857142855 0.28072916666666664 0.23214285714285715 0.040625