23 0.3171428571428571 0.39505208333333336 0.09678571428571428 0.0921875
12 0.5082142857142857 0.5666666666666667 0.1692857142857143 0.06536458333333334
6 0.7832142857142858 0.21041666666666667 0.21392857142857144 0.10677083333333333
5 0.455 0.23567708333333334 0.14642857142857144 0.05963541666666667
23 0.4117857142857143 0.39739583333333334 0.09285714285714286 0.07786458333333333
4 0.18464285714285714 0.5658854166666667 0.22714285714285715 0.16458333333333333
4 0.5939285714285715 0.39453125 0.15857142857142856 0.0625
9 0.3339285714285714 0.5515625 0.12928571428571428 0.07838541666666667
11 0.7592857142857142 0.5942708333333333 0.2725 0.10442708333333334
16 0.2 0.25494791666666666 0.13035714285714287 0.031510416666666666
15 0.8046428571428571 0.409375 0.2007142857142857 0.07578125
4 0.715 0.5078125 0.21928571428571428 0.08151041666666667