15 0.3889285714285714 0.6161458333333333 0.14357142857142857 0.07552083333333333
9 0.6146428571428572 0.5809895833333333 0.16178571428571428 0.09270833333333334
21 0.3682142857142857 0.21197916666666666 0.24392857142857144 0.12057291666666667
12 0.8710714285714286 0.64296875 0.15678571428571428 0.08854166666666667
14 0.5582142857142857 0.6708333333333333 0.1417857142857143 0.07734375
7 0.4225 0.4390625 0.2042857142857143 0.08619791666666667
11 0.17714285714285713 0.5145833333333333 0.30714285714285716 0.13619791666666667
6 0.7421428571428571 0.20625 0.1792857142857143 0.13177083333333334
23 0.8678571428571429 0.46588541666666666 0.1982142857142857 0.09036458333333333
4 0.6507142857142857 0.41484375 0.18857142857142858 0.12864583333333332
20 0.18785714285714286 0.6638020833333333 0.15857142857142856 0.10208333333333333