15 0.8739285714285714 0.80390625 0.21464285714285714 0.08229166666666667
9 0.5182142857142857 0.24453125 0.23107142857142857 0.12473958333333333
7 0.1175 0.28463541666666664 0.20214285714285715 0.08255208333333333
20 0.8792857142857143 0.5260416666666666 0.19714285714285715 0.09505208333333333
14 0.11178571428571428 0.7890625 0.17035714285714285 0.06692708333333333
23 0.5282142857142857 0.5033854166666667 0.20857142857142857 0.08125
3 0.7621428571428571 0.67578125 0.3267857142857143 0.1421875
6 0.7814285714285715 0.4549479166666667 0.20107142857142857 0.11197916666666667
8 0.1632142857142857 0.52578125 0.17785714285714285 0.10104166666666667
12 0.16857142857142857 0.6893229166666667 0.30142857142857143 0.08854166666666667
13 0.43892857142857145 0.77734375 0.2307142857142857 0.08619791666666667
18 0.34535714285714286 0.27838541666666666 0.10607142857142857 0.059895833333333336
4 0.8282142857142857 0.24765625 0.21428571428571427 0.12734375