3 0.6210714285714286 0.5997395833333333 0.2092857142857143 0.09505208333333333
12 0.09178571428571429 0.4822916666666667 0.14535714285714285 0.09609375
11 0.28964285714285715 0.6859375 0.23035714285714284 0.0796875
14 0.5460714285714285 0.6848958333333334 0.15 0.0578125
14 0.6175 0.5098958333333333 0.13 0.04375
6 0.2575 0.4434895833333333 0.145 0.08619791666666667
23 0.18785714285714286 0.6041666666666666 0.13178571428571428 0.071875
18 0.15857142857142856 0.32005208333333335 0.22714285714285715 0.05520833333333333
9 0.42607142857142855 0.5895833333333333 0.15892857142857142 0.07994791666666666
7 0.6392857142857142 0.45859375 0.12178571428571429 0.06171875
15 0.43464285714285716 0.48125 0.13785714285714284 0.06041666666666667
4 0.3692857142857143 0.30911458333333336 0.1417857142857143 0.05130208333333333
21 0.5628571428571428 0.3140625 0.22892857142857143 0.05807291666666667
8 0.7735714285714286 0.3299479166666667 0.19535714285714287 0.03411458333333333