10 0.7964285714285714 0.28151041666666665 0.10857142857142857 0.08463541666666667
9 0.17142857142857143 0.2791666666666667 0.17785714285714285 0.0796875
23 0.5296428571428572 0.2994791666666667 0.2082142857142857 0.045572916666666664
6 0.15178571428571427 0.44114583333333335 0.19535714285714287 0.12369791666666667
11 0.33535714285714285 0.44114583333333335 0.15857142857142856 0.10416666666666667
15 0.535 0.46458333333333335 0.15392857142857144 0.05364583333333333
16 0.6685714285714286 0.47109375 0.10428571428571429 0.040625
12 0.8496428571428571 0.4940104166666667 0.22357142857142856 0.04401041666666667
24 0.48928571428571427 0.6208333333333333 0.2757142857142857 0.19036458333333334
5 0.7171428571428572 0.6794270833333333 0.14107142857142857 0.0796875
1 0.8671428571428571 0.68359375 0.15857142857142856 0.10104166666666667