22 0.6960714285714286 0.5890625 0.21428571428571427 0.109375
9 0.2953571428571429 0.5848958333333333 0.1975 0.09192708333333334
23 0.4496428571428571 0.43697916666666664 0.07571428571428572 0.054427083333333334
8 0.7735714285714286 0.6643229166666667 0.23535714285714285 0.03619791666666667
23 0.2735714285714286 0.28802083333333334 0.08428571428571428 0.02890625
7 0.22357142857142856 0.4234375 0.10607142857142857 0.07942708333333333
16 0.7360714285714286 0.46067708333333335 0.07607142857142857 0.04635416666666667
13 0.6275 0.2734375 0.2025 0.04010416666666667
16 0.8335714285714285 0.4591145833333333 0.0775 0.047135416666666666
23 0.2775 0.4375 0.07 0.05260416666666667
7 0.6828571428571428 0.42239583333333336 0.10571428571428572 0.07317708333333334