11 0.8135714285714286 0.7002604166666667 0.23964285714285713 0.08307291666666666
14 0.5485714285714286 0.6776041666666667 0.1357142857142857 0.05859375
3 0.5389285714285714 0.4388020833333333 0.25035714285714283 0.09401041666666667
6 0.6521428571428571 0.26979166666666665 0.135 0.10078125
9 0.8110714285714286 0.44166666666666665 0.18785714285714286 0.09322916666666667
23 0.14785714285714285 0.2869791666666667 0.17892857142857144 0.09609375
15 0.2175 0.6854166666666667 0.12785714285714286 0.07734375
21 0.41892857142857143 0.5924479166666666 0.1625 0.08203125
18 0.8203571428571429 0.31015625 0.21464285714285714 0.05130208333333333
8 0.755 0.62578125 0.10714285714285714 0.06145833333333333
13 0.2642857142857143 0.48776041666666664 0.1732142857142857 0.0703125
20 0.4392857142857143 0.30494791666666665 0.14357142857142857 0.06848958333333334
4 0.6660714285714285 0.49895833333333334 0.22357142857142856 0.09140625