6 0.8153571428571429 0.44557291666666665 0.19035714285714286 0.121875
15 0.2375 0.46927083333333336 0.22392857142857142 0.06041666666666667
16 0.6607142857142857 0.6484375 0.05857142857142857 0.04609375
16 0.7603571428571428 0.6651041666666667 0.06785714285714285 0.05364583333333333
12 0.4875 0.46510416666666665 0.17535714285714285 0.05572916666666667
23 0.215 0.3078125 0.23357142857142857 0.05677083333333333
12 0.18678571428571428 0.6458333333333334 0.16392857142857142 0.06302083333333333
4 0.45107142857142857 0.6239583333333333 0.24392857142857144 0.06484375
9 0.2789285714285714 0.6473958333333333 0.14785714285714285 0.08098958333333334
16 0.8314285714285714 0.66953125 0.0725 0.07135416666666666
14 0.7892857142857143 0.29453125 0.17964285714285713 0.07942708333333333