13 0.2807142857142857 0.453125 0.25285714285714284 0.08307291666666666
22 0.6692857142857143 0.22604166666666667 0.2814285714285714 0.1609375
4 0.7132142857142857 0.6265625 0.20964285714285713 0.06901041666666667
23 0.5560714285714285 0.7643229166666666 0.07714285714285714 0.06432291666666666
12 0.8110714285714286 0.4630208333333333 0.23964285714285713 0.04973958333333333
23 0.7878571428571428 0.7559895833333333 0.08642857142857142 0.042708333333333334
23 0.6310714285714286 0.7638020833333333 0.07214285714285715 0.05546875
9 0.8364285714285714 0.66953125 0.1457142857142857 0.07994791666666666
8 0.28464285714285714 0.6734375 0.25357142857142856 0.050520833333333334
16 0.5153571428571428 0.6526041666666667 0.09964285714285714 0.07395833333333333
9 0.5575 0.4192708333333333 0.20535714285714285 0.10494791666666667
7 0.24214285714285713 0.60703125 0.17142857142857143 0.078125
15 0.5175 0.47682291666666665 0.18428571428571427 0.032552083333333336