22 0.8164285714285714 0.24114583333333334 0.28785714285714287 0.18125
23 0.3432142857142857 0.47734375 0.12 0.07265625
12 0.8003571428571429 0.70625 0.2092857142857143 0.06536458333333334
16 0.6510714285714285 0.7041666666666667 0.12821428571428573 0.05625
23 0.4496428571428571 0.47708333333333336 0.08928571428571429 0.059375
9 0.6060714285714286 0.4453125 0.20214285714285715 0.10390625
9 0.9096428571428572 0.48098958333333336 0.16035714285714286 0.07942708333333333
15 0.2517857142857143 0.7015625 0.18714285714285714 0.051041666666666666
13 0.29714285714285715 0.31015625 0.2342857142857143 0.040625
4 0.7942857142857143 0.66171875 0.23857142857142857 0.07005208333333333
7 0.4025 0.6364583333333333 0.15857142857142856 0.078125
8 0.48178571428571426 0.6958333333333333 0.2342857142857143 0.06015625