11 0.25642857142857145 0.6510416666666666 0.19642857142857142 0.10859375
12 0.5903571428571428 0.6942708333333333 0.24464285714285713 0.06145833333333333
23 0.3742857142857143 0.29348958333333336 0.21714285714285714 0.04453125
16 0.7921428571428571 0.46901041666666665 0.13214285714285715 0.0484375
4 0.8046428571428571 0.603125 0.21535714285714286 0.13489583333333333
15 0.6603571428571429 0.44947916666666665 0.14964285714285713 0.07005208333333333
10 0.5064285714285715 0.43125 0.09857142857142857 0.1125
24 0.2764285714285714 0.5854166666666667 0.25107142857142856 0.12083333333333333
9 0.6453571428571429 0.29010416666666666 0.15357142857142858 0.04869791666666667
6 0.17714285714285713 0.43828125 0.2325 0.10989583333333333
4 0.5385714285714286 0.6388020833333333 0.1732142857142857 0.0625