24 0.6717857142857143 0.56484375 0.24535714285714286 0.14010416666666667
11 0.5610714285714286 0.6421875 0.2667857142857143 0.10260416666666666
5 0.17357142857142857 0.6518229166666667 0.19535714285714287 0.05703125
20 0.36892857142857144 0.5958333333333333 0.10428571428571429 0.07473958333333333
22 0.2757142857142857 0.4109375 0.18678571428571428 0.07317708333333334
14 0.4025 0.40520833333333334 0.0975 0.10729166666666666
12 0.5446428571428571 0.428125 0.19535714285714287 0.045572916666666664
15 0.8235714285714286 0.4197916666666667 0.2017857142857143 0.07161458333333333
23 0.2864285714285714 0.2546875 0.11714285714285715 0.050520833333333334
23 0.1325 0.24739583333333334 0.17785714285714285 0.05520833333333333
16 0.15642857142857142 0.42630208333333336 0.0825 0.05859375