23 0.19964285714285715 0.23854166666666668 0.2257142857142857 0.06354166666666666
12 0.19107142857142856 0.41510416666666666 0.17357142857142857 0.08463541666666667
20 0.305 0.41901041666666666 0.05 0.0765625
21 0.3896428571428571 0.41510416666666666 0.15857142857142856 0.06197916666666667
14 0.49142857142857144 0.3921875 0.215 0.11380208333333333
6 0.29964285714285716 0.56796875 0.16071428571428573 0.09765625
16 0.295 0.6234375 0.19107142857142856 0.05859375
15 0.4828571428571429 0.62421875 0.28 0.0765625
5 0.8582142857142857 0.6356770833333333 0.19321428571428573 0.09609375
24 0.725 0.5583333333333333 0.2735714285714286 0.14973958333333334
9 0.27464285714285713 0.7234375 0.16285714285714287 0.06666666666666667