9 0.1332142857142857 0.6994791666666667 0.22857142857142856 0.12057291666666667
3 0.5271428571428571 0.4825520833333333 0.2860714285714286 0.10963541666666667
12 0.41 0.7518229166666667 0.18892857142857142 0.1046875
6 0.755 0.28854166666666664 0.18464285714285714 0.13411458333333334
11 0.8610714285714286 0.7768229166666667 0.275 0.09140625
7 0.40285714285714286 0.3190104166666667 0.16357142857142856 0.06744791666666666
8 0.6910714285714286 0.7182291666666667 0.09214285714285714 0.084375
14 0.15964285714285714 0.33645833333333336 0.18428571428571427 0.054947916666666666
13 0.20785714285714285 0.5333333333333333 0.20964285714285713 0.07734375
4 0.8614285714285714 0.5502604166666667 0.2367857142857143 0.08203125
21 0.49964285714285717 0.65703125 0.2067857142857143 0.08854166666666667