8 0.525 0.5158854166666667 0.18214285714285713 0.0390625
12 0.305 0.5119791666666667 0.11071428571428571 0.047135416666666666
5 0.4567857142857143 0.4817708333333333 0.15857142857142856 0.06510416666666667
23 0.8107142857142857 0.4940104166666667 0.0975 0.06666666666666667
22 0.27464285714285713 0.6395833333333333 0.1757142857142857 0.15625
12 0.4732142857142857 0.6893229166666667 0.23 0.06015625
12 0.5467857142857143 0.7169270833333333 0.09107142857142857 0.07005208333333333
8 0.4957142857142857 0.70078125 0.17142857142857143 0.08619791666666667
6 0.7617857142857143 0.6583333333333333 0.2689285714285714 0.14479166666666668
13 0.4675 0.31484375 0.08035714285714286 0.05703125
13 0.55 0.3140625 0.07607142857142857 0.052083333333333336
3 0.30178571428571427 0.30182291666666666 0.3514285714285714 0.08307291666666666