24 0.6092857142857143 0.58671875 0.2725 0.1671875
12 0.8317857142857142 0.44375 0.22678571428571428 0.06328125
23 0.17714285714285713 0.6325520833333333 0.1725 0.11979166666666667
5 0.19285714285714287 0.2513020833333333 0.15892857142857142 0.06901041666666667
21 0.3514285714285714 0.43385416666666665 0.12321428571428572 0.08385416666666666
15 0.8164285714285714 0.2557291666666667 0.12642857142857142 0.06640625
16 0.5171428571428571 0.4466145833333333 0.07357142857142857 0.05703125
11 0.3732142857142857 0.6309895833333333 0.25392857142857145 0.11875
20 0.22392857142857142 0.4328125 0.12428571428571429 0.07395833333333333
14 0.7089285714285715 0.24661458333333333 0.0825 0.08854166666666667
16 0.6125 0.4484375 0.07357142857142857 0.05651041666666667