9 0.14857142857142858 0.6330729166666667 0.2 0.10729166666666666
14 0.1792857142857143 0.32057291666666665 0.15071428571428572 0.048177083333333336
3 0.4875 0.44244791666666666 0.24857142857142858 0.0953125
11 0.7614285714285715 0.6958333333333333 0.2342857142857143 0.07994791666666666
12 0.3892857142857143 0.678125 0.1692857142857143 0.09401041666666667
6 0.6775 0.2794270833333333 0.15821428571428572 0.11432291666666666
7 0.38357142857142856 0.30390625 0.1367857142857143 0.058333333333333334
8 0.6242857142857143 0.6427083333333333 0.07642857142857143 0.07239583333333334
13 0.21285714285714286 0.48463541666666665 0.17035714285714285 0.05807291666666667
4 0.7607142857142857 0.5 0.19964285714285715 0.06380208333333333
21 0.45964285714285713 0.6015625 0.19071428571428573 0.071875