11 0.20535714285714285 0.5192708333333333 0.24964285714285714 0.07291666666666667
18 0.3510714285714286 0.67578125 0.2307142857142857 0.07708333333333334
9 0.45607142857142857 0.29010416666666666 0.19214285714285714 0.09296875
12 0.17285714285714285 0.3190104166666667 0.22464285714285714 0.05807291666666667
3 0.54 0.5927083333333333 0.21642857142857144 0.07994791666666666
15 0.6267857142857143 0.66484375 0.11964285714285715 0.06640625
7 0.2292857142857143 0.61640625 0.12428571428571429 0.08125
6 0.6964285714285714 0.4515625 0.1407142857142857 0.08697916666666666
8 0.3842857142857143 0.47734375 0.12714285714285714 0.04505208333333333
14 0.5071428571428571 0.5171875 0.12642857142857142 0.055989583333333336
23 0.7371428571428571 0.3203125 0.16285714285714287 0.06380208333333333