9 0.8117857142857143 0.44192708333333336 0.18535714285714286 0.09270833333333334
3 0.5385714285714286 0.4395833333333333 0.24785714285714286 0.09427083333333333
11 0.8146428571428571 0.6981770833333333 0.24107142857142858 0.07890625
6 0.6517857142857143 0.26979166666666665 0.135 0.10052083333333334
23 0.1467857142857143 0.2869791666666667 0.17714285714285713 0.096875
15 0.21464285714285714 0.6856770833333333 0.12464285714285714 0.07760416666666667
14 0.5485714285714286 0.6776041666666667 0.13607142857142857 0.05807291666666667
18 0.8210714285714286 0.3106770833333333 0.21607142857142858 0.051041666666666666
8 0.755 0.62578125 0.10714285714285714 0.06145833333333333
21 0.42464285714285716 0.596875 0.16535714285714287 0.08046875
13 0.2642857142857143 0.48802083333333335 0.1725 0.0703125
20 0.4382142857142857 0.3033854166666667 0.135 0.059895833333333336
4 0.6592857142857143 0.5002604166666667 0.2017857142857143 0.08411458333333334