22 0.6242857142857143 0.2526041666666667 0.19678571428571429 0.14505208333333333
8 0.6285714285714286 0.6690104166666667 0.1332142857142857 0.07708333333333334
12 0.4357142857142857 0.6736979166666667 0.17607142857142857 0.06588541666666667
23 0.54 0.7677083333333333 0.07571428571428572 0.05859375
4 0.7378571428571429 0.6408854166666667 0.21535714285714286 0.0734375
15 0.7739285714285714 0.47760416666666666 0.17285714285714285 0.035416666666666666
23 0.6128571428571429 0.7651041666666667 0.07 0.053385416666666664
16 0.2225 0.47421875 0.08321428571428571 0.06171875
7 0.25535714285714284 0.6390625 0.11857142857142858 0.10546875
9 0.5421428571428571 0.43463541666666666 0.1982142857142857 0.09609375
23 0.7625 0.7580729166666667 0.08035714285714286 0.041666666666666664
9 0.3817857142857143 0.4583333333333333 0.1275 0.07083333333333333
7 0.33964285714285714 0.30520833333333336 0.2017857142857143 0.040625