6 0.2017857142857143 0.5111979166666667 0.22142857142857142 0.10104166666666667
23 0.5425 0.36614583333333334 0.18214285714285713 0.04895833333333333
9 0.6953571428571429 0.3572916666666667 0.11928571428571429 0.07317708333333334
10 0.3817857142857143 0.50625 0.08678571428571429 0.09765625
12 0.5328571428571428 0.5453125 0.2017857142857143 0.04895833333333333
14 0.6825 0.5177083333333333 0.14964285714285713 0.07161458333333333
16 0.7953571428571429 0.5380208333333333 0.12357142857142857 0.047135416666666666
24 0.3028571428571429 0.6486979166666667 0.23214285714285715 0.12526041666666668
11 0.18785714285714286 0.7161458333333334 0.15857142857142856 0.10729166666666666
5 0.4775 0.7380208333333333 0.15178571428571427 0.047135416666666666
1 0.8332142857142857 0.70078125 0.1692857142857143 0.08307291666666666