14 0.8114285714285714 0.5153645833333333 0.12285714285714286 0.05130208333333333
3 0.6207142857142857 0.5958333333333333 0.20892857142857144 0.1
12 0.09214285714285714 0.4825520833333333 0.14535714285714285 0.09661458333333334
11 0.28964285714285715 0.6864583333333333 0.23 0.08046875
15 0.5460714285714285 0.68828125 0.14821428571428572 0.05625
6 0.2571428571428571 0.44375 0.145 0.08619791666666667
9 0.42642857142857143 0.5895833333333333 0.15928571428571428 0.08020833333333334
18 0.15892857142857142 0.31979166666666664 0.22678571428571428 0.05572916666666667
23 0.18785714285714286 0.6041666666666666 0.13178571428571428 0.07239583333333334
8 0.8089285714285714 0.32734375 0.10785714285714286 0.04921875
20 0.42892857142857144 0.48098958333333336 0.135 0.06328125
7 0.6396428571428572 0.46067708333333335 0.12392857142857143 0.06640625
4 0.365 0.3098958333333333 0.1407142857142857 0.05364583333333333
21 0.5639285714285714 0.31197916666666664 0.22857142857142856 0.06171875