16 0.8028571428571428 0.39817708333333335 0.14464285714285716 0.061197916666666664
12 0.5407142857142857 0.38671875 0.10964285714285714 0.054947916666666666
22 0.3075 0.34427083333333336 0.25785714285714284 0.11640625
23 0.6057142857142858 0.7143229166666667 0.16428571428571428 0.06692708333333333
4 0.8017857142857143 0.5966145833333333 0.2292857142857143 0.09192708333333334
7 0.23357142857142857 0.53046875 0.1957142857142857 0.08541666666666667
9 0.5017857142857143 0.5940104166666667 0.14785714285714285 0.08125
23 0.8214285714285714 0.7065104166666667 0.095 0.05
15 0.2775 0.6111979166666667 0.19357142857142856 0.048177083333333336
13 0.7735714285714286 0.3458333333333333 0.21035714285714285 0.04401041666666667
8 0.45357142857142857 0.40208333333333335 0.17785714285714285 0.052083333333333336
9 0.4967857142857143 0.5127604166666667 0.20392857142857143 0.09765625