15 0.8507142857142858 0.43125 0.19964285714285715 0.05859375
15 0.6042857142857143 0.43776041666666665 0.1325 0.029166666666666667
16 0.7203571428571428 0.43385416666666665 0.1 0.047135416666666666
10 0.4471428571428571 0.4005208333333333 0.10857142857142857 0.12057291666666667
6 0.7846428571428572 0.24166666666666667 0.20607142857142857 0.08619791666666667
23 0.4785714285714286 0.26276041666666666 0.115 0.040625
23 0.37 0.26119791666666664 0.12357142857142857 0.040625
5 0.19 0.25546875 0.14107142857142857 0.05520833333333333
24 0.295 0.5526041666666667 0.2475 0.13177083333333334
1 0.1367857142857143 0.6338541666666667 0.16071428571428573 0.09270833333333334
9 0.6196428571428572 0.6330729166666667 0.16285714285714287 0.08463541666666667
12 0.8410714285714286 0.6510416666666666 0.20607142857142857 0.06822916666666666
11 0.7942857142857143 0.5817708333333333 0.17357142857142857 0.09921875