9 0.8117857142857143 0.44166666666666665 0.185 0.09296875
3 0.5389285714285714 0.4388020833333333 0.24892857142857142 0.09270833333333334
11 0.8139285714285714 0.6984375 0.24142857142857144 0.07942708333333333
6 0.6517857142857143 0.26979166666666665 0.135 0.10052083333333334
23 0.1475 0.28671875 0.17821428571428571 0.09661458333333334
15 0.21714285714285714 0.6856770833333333 0.12714285714285714 0.07708333333333334
14 0.5482142857142858 0.6776041666666667 0.13607142857142857 0.058854166666666666
18 0.8207142857142857 0.3106770833333333 0.21607142857142858 0.051041666666666666
21 0.41892857142857143 0.5919270833333333 0.1625 0.08203125
8 0.755 0.6255208333333333 0.1075 0.06171875
13 0.2642857142857143 0.48802083333333335 0.1742857142857143 0.07083333333333333
20 0.4367857142857143 0.30078125 0.125 0.06536458333333334
4 0.6589285714285714 0.4979166666666667 0.2092857142857143 0.08958333333333333