24 0.2792857142857143 0.5802083333333333 0.25892857142857145 0.13385416666666666
5 0.17607142857142857 0.27760416666666665 0.1457142857142857 0.05911458333333333
4 0.32535714285714284 0.43802083333333336 0.19892857142857143 0.06822916666666666
10 0.4039285714285714 0.6328125 0.09928571428571428 0.09322916666666667
1 0.6075 0.6255208333333333 0.155 0.08125
12 0.23357142857142857 0.6747395833333333 0.2282142857142857 0.05911458333333333
23 0.16357142857142856 0.44947916666666665 0.20785714285714285 0.07708333333333334
11 0.8114285714285714 0.6140625 0.1767857142857143 0.09348958333333333
9 0.7857142857142857 0.6729166666666667 0.15571428571428572 0.09192708333333334
4 0.5421428571428571 0.6869791666666667 0.22357142857142856 0.06979166666666667
15 0.7067857142857142 0.4596354166666667 0.19785714285714287 0.061197916666666664
6 0.7967857142857143 0.26171875 0.2057142857142857 0.09322916666666667
16 0.5614285714285714 0.46197916666666666 0.09928571428571428 0.053125
15 0.4328571428571429 0.4703125 0.1757142857142857 0.03567708333333333