14 0.6021428571428571 0.5114583333333333 0.11071428571428571 0.04505208333333333
3 0.6217857142857143 0.59921875 0.2075 0.09166666666666666
9 0.4257142857142857 0.5919270833333333 0.15392857142857144 0.07916666666666666
7 0.745 0.47291666666666665 0.11357142857142857 0.06458333333333334
6 0.4467857142857143 0.45 0.13535714285714287 0.08671875
15 0.5478571428571428 0.6854166666666667 0.1407142857142857 0.05572916666666667
11 0.2910714285714286 0.68515625 0.23035714285714284 0.07630208333333334
12 0.20785714285714285 0.49973958333333335 0.2292857142857143 0.058333333333333334
8 0.7639285714285714 0.32395833333333335 0.14857142857142858 0.04479166666666667
3 0.9842857142857143 0.9299479166666667 0.031071428571428573 0.14010416666666667
23 0.18678571428571428 0.60703125 0.1275 0.07161458333333333
4 0.3817857142857143 0.3106770833333333 0.16607142857142856 0.06458333333333334
18 0.16714285714285715 0.31640625 0.22 0.0609375