9 0.22642857142857142 0.6002604166666666 0.15285714285714286 0.08671875
14 0.26142857142857145 0.5200520833333333 0.13428571428571429 0.04869791666666667
11 0.3514285714285714 0.6885416666666667 0.22 0.07526041666666666
6 0.35285714285714287 0.45859375 0.12928571428571428 0.08880208333333334
23 0.7478571428571429 0.5096354166666667 0.1875 0.07473958333333333
7 0.21321428571428572 0.3234375 0.16892857142857143 0.053385416666666664
15 0.4732142857142857 0.50703125 0.12892857142857142 0.06302083333333333
12 0.7603571428571428 0.62890625 0.15071428571428572 0.06354166666666666
18 0.7614285714285715 0.334375 0.26785714285714285 0.0484375
13 0.6510714285714285 0.6872395833333333 0.19642857142857142 0.06328125
21 0.5296428571428572 0.5955729166666667 0.1525 0.07057291666666667
3 0.6214285714285714 0.27317708333333335 0.25392857142857145 0.058854166666666666
20 0.5346428571428572 0.3296875 0.15892857142857142 0.054427083333333334
4 0.35928571428571426 0.3143229166666667 0.12785714285714286 0.06328125
8 0.5821428571428572 0.4786458333333333 0.12285714285714286 0.0421875