6 0.26357142857142857 0.21145833333333333 0.2667857142857143 0.13333333333333333
0 0.215 0.25807291666666665 0.24321428571428572 0.06354166666666666
7 0.7682142857142857 0.2546875 0.12142857142857143 0.0765625
11 0.2225 0.42890625 0.20607142857142857 0.09270833333333334
23 0.665 0.44583333333333336 0.15392857142857144 0.06822916666666666
2 0.8592857142857143 0.4427083333333333 0.2342857142857143 0.06510416666666667
17 0.395 0.6104166666666667 0.17785714285714285 0.12369791666666667
12 0.24964285714285714 0.64609375 0.22142857142857142 0.08151041666666667
8 0.5642857142857143 0.6234375 0.165 0.07473958333333333
16 0.815 0.6143229166666667 0.07178571428571429 0.06666666666666667
15 0.7314285714285714 0.6567708333333333 0.1432142857142857 0.07005208333333333