9 0.22678571428571428 0.59765625 0.15214285714285714 0.08567708333333333
11 0.45321428571428574 0.68984375 0.21571428571428572 0.07682291666666667
7 0.21321428571428572 0.32109375 0.1682142857142857 0.053385416666666664
3 0.6932142857142857 0.2994791666666667 0.24714285714285714 0.1078125
23 0.7492857142857143 0.50859375 0.18785714285714286 0.07369791666666667
12 0.725 0.6265625 0.12107142857142857 0.06640625
15 0.4185714285714286 0.46510416666666665 0.19714285714285715 0.050520833333333334
8 0.6035714285714285 0.49166666666666664 0.09107142857142857 0.04375
4 0.36964285714285716 0.31484375 0.14285714285714285 0.055989583333333336
13 0.22785714285714287 0.50390625 0.21857142857142858 0.05625
21 0.5285714285714286 0.5966145833333333 0.1467857142857143 0.07942708333333333