15 0.5660714285714286 0.69140625 0.10678571428571429 0.06692708333333333
3 0.6907142857142857 0.29921875 0.24214285714285713 0.10807291666666667
23 0.7482142857142857 0.5083333333333333 0.18607142857142858 0.07369791666666667
12 0.7821428571428571 0.6359375 0.06 0.06197916666666667
11 0.26035714285714284 0.68125 0.2225 0.07786458333333333
18 0.14214285714285715 0.321875 0.20464285714285715 0.0515625
21 0.4689285714285714 0.5947916666666667 0.18035714285714285 0.06822916666666666
12 0.7103571428571429 0.6416666666666667 0.09642857142857143 0.06614583333333333
13 0.21928571428571428 0.5002604166666667 0.20142857142857143 0.055989583333333336
20 0.48392857142857143 0.47213541666666664 0.1657142857142857 0.05859375
4 0.4207142857142857 0.31692708333333336 0.13642857142857143 0.05182291666666667