15 0.3407142857142857 0.5052083333333334 0.11214285714285714 0.06276041666666667
9 0.22642857142857142 0.60078125 0.15178571428571427 0.08515625
3 0.6882142857142857 0.29635416666666664 0.2417857142857143 0.109375
11 0.3485714285714286 0.6872395833333333 0.22285714285714286 0.07395833333333333
23 0.7489285714285714 0.5096354166666667 0.1875 0.07395833333333333
7 0.21357142857142858 0.3221354166666667 0.16857142857142857 0.053125
21 0.5217857142857143 0.5966145833333333 0.13285714285714287 0.07057291666666667
8 0.5521428571428572 0.48072916666666665 0.08428571428571428 0.040364583333333336
12 0.7664285714285715 0.6286458333333333 0.14 0.06354166666666666
13 0.6542857142857142 0.6859375 0.2092857142857143 0.06640625
20 0.5367857142857143 0.32473958333333336 0.16142857142857142 0.059895833333333336
4 0.3678571428571429 0.31536458333333334 0.12821428571428573 0.0546875