15 0.8689285714285714 0.8294270833333334 0.22035714285714286 0.08411458333333334
14 0.1025 0.8140625 0.18107142857142858 0.06640625
6 0.7785714285714286 0.48333333333333334 0.20392857142857143 0.11302083333333333
9 0.5085714285714286 0.26588541666666665 0.2307142857142857 0.12135416666666667
7 0.11178571428571428 0.3059895833333333 0.2007142857142857 0.08072916666666667
20 0.8757142857142857 0.5447916666666667 0.1982142857142857 0.09244791666666667
12 0.16214285714285714 0.7083333333333334 0.2985714285714286 0.09609375
23 0.5235714285714286 0.5231770833333333 0.20857142857142857 0.08020833333333334
8 0.15785714285714286 0.5453125 0.17892857142857144 0.10078125
3 0.7571428571428571 0.69453125 0.32321428571428573 0.14036458333333332
18 0.30392857142857144 0.30442708333333335 0.18892857142857142 0.06354166666666666
13 0.43392857142857144 0.8046875 0.24142857142857144 0.096875
18 0.34464285714285714 0.29661458333333335 0.10107142857142858 0.05703125
4 0.8332142857142857 0.26276041666666666 0.2125 0.13697916666666668