12 0.8139285714285714 0.66875 0.1407142857142857 0.08046875
7 0.40464285714285714 0.66796875 0.2032142857142857 0.08567708333333333
21 0.5628571428571428 0.43671875 0.1725 0.06770833333333333
16 0.22892857142857143 0.4552083333333333 0.13642857142857143 0.06588541666666667
23 0.2732142857142857 0.6096354166666667 0.15214285714285714 0.06875
15 0.8485714285714285 0.46041666666666664 0.23464285714285715 0.07473958333333333
20 0.6725 0.6546875 0.10928571428571429 0.09661458333333334
20 0.5492857142857143 0.6276041666666666 0.07714285714285714 0.062239583333333334
16 0.35714285714285715 0.45416666666666666 0.06857142857142857 0.05
0 0.36642857142857144 0.28020833333333334 0.3335714285714286 0.05703125
10 0.77 0.2635416666666667 0.3514285714285714 0.08046875