9 0.1925 0.6322916666666667 0.19428571428571428 0.10572916666666667
3 0.5275 0.44114583333333335 0.24607142857142858 0.08984375
15 0.5082142857142857 0.5111979166666667 0.11964285714285715 0.0640625
14 0.22392857142857142 0.3255208333333333 0.14642857142857144 0.04375
11 0.8107142857142857 0.7033854166666667 0.2357142857142857 0.08229166666666667
12 0.4207142857142857 0.6807291666666667 0.16392857142857142 0.09270833333333334
6 0.6414285714285715 0.27369791666666665 0.1357142857142857 0.09869791666666666
18 0.8114285714285714 0.3145833333333333 0.20892857142857144 0.054427083333333334
7 0.375 0.3033854166666667 0.11035714285714286 0.05520833333333333
8 0.6653571428571429 0.646875 0.07928571428571428 0.07317708333333334
21 0.495 0.5997395833333333 0.1757142857142857 0.07916666666666666
13 0.2592857142857143 0.48489583333333336 0.16785714285714284 0.059375
4 0.8028571428571428 0.5072916666666667 0.20964285714285713 0.06848958333333334
20 0.5107142857142857 0.303125 0.1425 0.07291666666666667