3 0.16 0.34270833333333334 0.31857142857142856 0.12682291666666667
23 0.48642857142857143 0.36666666666666664 0.21071428571428572 0.08255208333333333
21 0.7860714285714285 0.35703125 0.18214285714285713 0.09791666666666667
14 0.08857142857142856 0.6010416666666667 0.1757142857142857 0.0703125
13 0.28785714285714287 0.5546875 0.21071428571428572 0.05182291666666667
11 0.5635714285714286 0.53984375 0.27285714285714285 0.1015625
12 0.8207142857142857 0.5864583333333333 0.25107142857142856 0.11536458333333334
7 0.13464285714285715 0.7953125 0.1625 0.08671875
18 0.40535714285714286 0.7651041666666667 0.21392857142857144 0.07578125
6 0.6317857142857143 0.7135416666666666 0.15785714285714286 0.09166666666666666
9 0.8582142857142857 0.7848958333333333 0.23357142857142857 0.13515625
15 0.5210714285714285 0.8341145833333333 0.22071428571428572 0.06484375