9 0.14892857142857144 0.6328125 0.1992857142857143 0.10729166666666666
3 0.4878571428571429 0.4421875 0.24857142857142858 0.09401041666666667
14 0.1792857142857143 0.32083333333333336 0.14964285714285713 0.04765625
11 0.7621428571428571 0.69609375 0.23535714285714285 0.08072916666666667
12 0.3892857142857143 0.6778645833333333 0.16892857142857143 0.09401041666666667
6 0.6778571428571428 0.2794270833333333 0.15785714285714286 0.11432291666666666
7 0.38392857142857145 0.30390625 0.13642857142857143 0.05807291666666667
8 0.6239285714285714 0.6424479166666667 0.07678571428571429 0.07317708333333334
13 0.21964285714285714 0.490625 0.1707142857142857 0.06458333333333334
4 0.7557142857142857 0.49973958333333335 0.20964285714285713 0.06796875
21 0.4632142857142857 0.5986979166666667 0.16428571428571428 0.08125