11 0.2057142857142857 0.51953125 0.25 0.07291666666666667
18 0.3517857142857143 0.67578125 0.2275 0.07760416666666667
9 0.45571428571428574 0.28984375 0.19321428571428573 0.09296875
3 0.5417857142857143 0.5927083333333333 0.21928571428571428 0.0796875
12 0.17285714285714285 0.31875 0.225 0.05807291666666667
7 0.2292857142857143 0.61640625 0.12464285714285714 0.08098958333333334
15 0.6289285714285714 0.6640625 0.11928571428571429 0.0671875
6 0.6967857142857142 0.4515625 0.14107142857142857 0.08723958333333333
8 0.38392857142857145 0.47708333333333336 0.12714285714285714 0.0453125
14 0.5053571428571428 0.5125 0.11607142857142858 0.05130208333333333
23 0.7378571428571429 0.3203125 0.1707142857142857 0.06380208333333333