13 0.3157142857142857 0.30026041666666664 0.14964285714285713 0.05364583333333333
5 0.6660714285714285 0.3067708333333333 0.17785714285714285 0.047135416666666666
6 0.6878571428571428 0.4484375 0.30392857142857144 0.14479166666666668
3 0.45357142857142857 0.44921875 0.2864285714285714 0.11380208333333333
23 0.2517857142857143 0.48020833333333335 0.1 0.05859375
22 0.3267857142857143 0.5958333333333333 0.22785714285714287 0.12369791666666667
16 0.16285714285714287 0.6625 0.056428571428571425 0.04244791666666667
16 0.28535714285714286 0.684375 0.06714285714285714 0.06015625
12 0.5035714285714286 0.6552083333333333 0.23857142857142857 0.047135416666666666
15 0.6607142857142857 0.6932291666666667 0.18428571428571427 0.04895833333333333
15 0.7292857142857143 0.6510416666666666 0.1692857142857143 0.03567708333333333