15 0.6246428571428572 0.6645833333333333 0.11 0.06015625
12 0.1757142857142857 0.32265625 0.22392857142857142 0.04609375
6 0.6939285714285715 0.4546875 0.13214285714285715 0.08567708333333333
18 0.365 0.6815104166666667 0.23535714285714285 0.07578125
9 0.45571428571428574 0.2877604166666667 0.1875 0.08567708333333333
23 0.7364285714285714 0.3260416666666667 0.15785714285714286 0.06380208333333333
11 0.21785714285714286 0.5208333333333334 0.2425 0.06588541666666667
7 0.22714285714285715 0.6169270833333333 0.12107142857142857 0.07161458333333333
3 0.5467857142857143 0.5921875 0.20785714285714285 0.07083333333333333
14 0.5064285714285715 0.5145833333333333 0.11142857142857143 0.04765625
8 0.38107142857142856 0.475 0.12714285714285714 0.041666666666666664