18 0.35892857142857143 0.728125 0.1875 0.06588541666666667
12 0.1682142857142857 0.3723958333333333 0.2839285714285714 0.09140625
9 0.8360714285714286 0.3416666666666667 0.21357142857142858 0.11223958333333334
20 0.605 0.5518229166666667 0.19357142857142856 0.06666666666666667
21 0.8453571428571428 0.5880208333333333 0.22428571428571428 0.0765625
7 0.345 0.5497395833333333 0.11428571428571428 0.057291666666666664
23 0.8017857142857143 0.7640625 0.17892857142857144 0.09453125
15 0.20464285714285715 0.7934895833333333 0.155 0.08567708333333333
8 0.21321428571428572 0.5809895833333333 0.18214285714285713 0.07552083333333333
4 0.5396428571428571 0.7955729166666666 0.15821428571428572 0.09166666666666666
14 0.4982142857142857 0.38229166666666664 0.15464285714285714 0.044270833333333336