3 0.1675 0.3419270833333333 0.31392857142857145 0.13229166666666667
23 0.48928571428571427 0.3692708333333333 0.21 0.07760416666666667
21 0.7867857142857143 0.35833333333333334 0.17035714285714285 0.09557291666666666
14 0.095 0.60546875 0.1625 0.049479166666666664
13 0.2839285714285714 0.5559895833333334 0.20285714285714285 0.049479166666666664
11 0.5671428571428572 0.5385416666666667 0.26035714285714284 0.10390625
12 0.8189285714285715 0.5854166666666667 0.22785714285714287 0.1015625
7 0.13357142857142856 0.7942708333333334 0.15964285714285714 0.08463541666666667
18 0.39071428571428574 0.7627604166666667 0.20607142857142857 0.07630208333333334
6 0.6296428571428572 0.7114583333333333 0.14035714285714285 0.0875
9 0.8496428571428571 0.7747395833333334 0.25607142857142856 0.13984375
15 0.5078571428571429 0.8208333333333333 0.2257142857142857 0.08307291666666666