9 0.5728571428571428 0.3020833333333333 0.21464285714285714 0.13177083333333334
21 0.5307142857142857 0.5619791666666667 0.23142857142857143 0.07630208333333334
20 0.8932142857142857 0.5833333333333334 0.20535714285714285 0.09296875
14 0.10214285714285715 0.85859375 0.18142857142857144 0.06692708333333333
13 0.3967857142857143 0.8447916666666667 0.18071428571428572 0.09036458333333333
3 0.7721428571428571 0.7455729166666667 0.33214285714285713 0.15130208333333334
12 0.16142857142857142 0.7515625 0.3075 0.09557291666666666
6 0.7925 0.5200520833333333 0.2067857142857143 0.115625
13 0.4689285714285714 0.85390625 0.30607142857142855 0.09609375
7 0.11142857142857143 0.3372395833333333 0.22178571428571428 0.07760416666666667
15 0.2075 0.5997395833333333 0.31392857142857145 0.09661458333333334
4 0.8321428571428572 0.2953125 0.2117857142857143 0.13411458333333334