3 0.6796428571428571 0.6018229166666667 0.18892857142857142 0.10104166666666667
14 0.8121428571428572 0.5151041666666667 0.125 0.05182291666666667
11 0.23 0.5036458333333333 0.225 0.065625
12 0.1992857142857143 0.6208333333333333 0.2125 0.06640625
18 0.15821428571428572 0.31979166666666664 0.22785714285714287 0.055989583333333336
15 0.26285714285714284 0.68828125 0.07857142857142857 0.057291666666666664
6 0.3921428571428571 0.44140625 0.16214285714285714 0.08463541666666667
7 0.5492857142857143 0.47942708333333334 0.15321428571428572 0.062239583333333334
15 0.34214285714285714 0.6653645833333334 0.07642857142857143 0.053125
4 0.36714285714285716 0.30911458333333336 0.13142857142857142 0.05390625
21 0.5660714285714286 0.31588541666666664 0.24214285714285713 0.06432291666666666
13 0.6053571428571428 0.6799479166666667 0.1875 0.07734375