3 0.6182142857142857 0.20390625 0.38785714285714284 0.10859375
13 0.24285714285714285 0.2296875 0.15785714285714286 0.037760416666666664
23 0.12142857142857143 0.4049479166666667 0.11035714285714286 0.07109375
16 0.19142857142857142 0.3984375 0.03964285714285714 0.044270833333333336
16 0.3057142857142857 0.41692708333333334 0.0625 0.03125
7 0.5689285714285715 0.3953125 0.11321428571428571 0.06067708333333333
11 0.8092857142857143 0.378125 0.14464285714285716 0.10546875
9 0.2567857142857143 0.5739583333333333 0.22535714285714287 0.11119791666666666
22 0.6292857142857143 0.5809895833333333 0.25357142857142856 0.13958333333333334
14 0.835 0.5861979166666667 0.15357142857142858 0.09661458333333334
5 0.49607142857142855 0.42916666666666664 0.16035714285714286 0.03177083333333333