8 0.6978571428571428 0.51015625 0.5621428571428572 0.06354166666666666
15 0.24857142857142858 0.48671875 0.2667857142857143 0.06197916666666667
16 0.4110714285714286 0.4588541666666667 0.15857142857142856 0.05520833333333333
6 0.4328571428571429 0.2833333333333333 0.1757142857142857 0.09427083333333333
23 0.19964285714285715 0.30833333333333335 0.1475 0.0375
9 0.7953571428571429 0.2872395833333333 0.2017857142857143 0.09609375
10 0.6707142857142857 0.4427083333333333 0.19107142857142856 0.078125
0 0.13035714285714287 0.6763020833333333 0.11714285714285715 0.09609375
0 0.24535714285714286 0.6682291666666667 0.12142857142857143 0.08619791666666667
12 0.3807142857142857 0.6739583333333333 0.18428571428571427 0.06822916666666666
14 0.5239285714285714 0.6127604166666667 0.10642857142857143 0.09609375
21 0.6792857142857143 0.6877604166666667 0.17357142857142857 0.08307291666666666
7 0.725 0.6208333333333333 0.19535714285714287 0.0796875