3 0.16964285714285715 0.325 0.33107142857142857 0.0984375
15 0.22392857142857142 0.39453125 0.275 0.038802083333333334
23 0.49107142857142855 0.37109375 0.2067857142857143 0.08151041666666667
21 0.7825 0.359375 0.1682142857142857 0.09296875
13 0.2875 0.5536458333333333 0.21678571428571428 0.05
11 0.6003571428571428 0.5265625 0.24714285714285714 0.1
14 0.24821428571428572 0.6044270833333333 0.15785714285714286 0.04791666666666667
12 0.8253571428571429 0.5864583333333333 0.24107142857142858 0.09557291666666666
7 0.13464285714285715 0.7966145833333333 0.1625 0.08411458333333334
18 0.39321428571428574 0.7669270833333334 0.19 0.0796875
6 0.6275 0.7143229166666667 0.15571428571428572 0.09791666666666667
6 0.8535714285714285 0.7869791666666667 0.23785714285714285 0.13932291666666666