23 0.23857142857142857 0.48098958333333336 0.12142857142857143 0.0796875
5 0.18678571428571428 0.30520833333333336 0.13892857142857143 0.05364583333333333
6 0.7442857142857143 0.290625 0.19535714285714287 0.08307291666666666
9 0.88 0.47682291666666665 0.17142857142857143 0.08151041666666667
15 0.47535714285714287 0.4752604166666667 0.16071428571428573 0.05859375
15 0.7292857142857143 0.490625 0.13035714285714287 0.030989583333333334
16 0.6121428571428571 0.4825520833333333 0.11285714285714285 0.05364583333333333
11 0.4392857142857143 0.6291666666666667 0.16285714285714287 0.10572916666666667
10 0.8735714285714286 0.6739583333333333 0.09321428571428571 0.12057291666666667
12 0.3807142857142857 0.6966145833333334 0.15857142857142856 0.07473958333333333
24 0.7532142857142857 0.6127604166666667 0.2342857142857143 0.14479166666666668