3 0.6225 0.5994791666666667 0.20535714285714285 0.09036458333333333
14 0.6017857142857143 0.5125 0.11107142857142857 0.04609375
9 0.4257142857142857 0.5919270833333333 0.15428571428571428 0.07942708333333333
7 0.745 0.47291666666666665 0.11321428571428571 0.06432291666666666
6 0.4471428571428571 0.45 0.1357142857142857 0.08671875
12 0.2075 0.4979166666666667 0.22857142857142856 0.05651041666666667
11 0.28964285714285715 0.68515625 0.2332142857142857 0.0765625
15 0.5482142857142858 0.6854166666666667 0.14035714285714285 0.05546875
8 0.7635714285714286 0.32447916666666665 0.14857142857142858 0.044270833333333336
3 0.9839285714285714 0.9330729166666667 0.03214285714285714 0.13385416666666666
23 0.19392857142857142 0.6046875 0.12821428571428573 0.07057291666666667
18 0.16714285714285715 0.3182291666666667 0.22 0.04973958333333333
4 0.38607142857142857 0.30494791666666665 0.18142857142857144 0.07291666666666667