8 0.6571428571428571 0.48984375 0.2935714285714286 0.05286458333333333
21 0.7232142857142857 0.6828125 0.20285714285714285 0.09166666666666666
20 0.24571428571428572 0.4703125 0.20035714285714284 0.07109375
23 0.42964285714285716 0.46328125 0.075 0.05520833333333333
14 0.5335714285714286 0.61328125 0.16785714285714284 0.09739583333333333
16 0.21928571428571428 0.6872395833333333 0.13642857142857143 0.0625
12 0.8564285714285714 0.5 0.19 0.04791666666666667
23 0.5060714285714286 0.46197916666666666 0.07 0.06510416666666667
4 0.27071428571428574 0.625 0.25035714285714283 0.08125
10 0.505 0.2994791666666667 0.2092857142857143 0.06875
13 0.2082142857142857 0.30182291666666666 0.07821428571428571 0.047135416666666666