11 0.8510714285714286 0.70234375 0.20642857142857143 0.10260416666666666
24 0.23035714285714284 0.6497395833333334 0.29214285714285715 0.16744791666666667
23 0.5225 0.66484375 0.08892857142857143 0.06145833333333333
23 0.43964285714285717 0.66328125 0.08678571428571429 0.057291666666666664
4 0.7996428571428571 0.6390625 0.21642857142857144 0.09140625
10 0.19785714285714287 0.5028645833333333 0.10142857142857142 0.07942708333333333
9 0.6753571428571429 0.7059895833333333 0.15 0.084375
16 0.7935714285714286 0.515625 0.14642857142857144 0.046875
6 0.4 0.4796875 0.18785714285714286 0.08151041666666667
4 0.5110714285714286 0.5208333333333334 0.22357142857142856 0.0390625
15 0.6639285714285714 0.5020833333333333 0.1475 0.06666666666666667
11 0.21035714285714285 0.35 0.21714285714285714 0.026041666666666668