4 0.18642857142857142 0.16510416666666666 0.21964285714285714 0.153125
4 0.5407142857142857 0.21536458333333333 0.18178571428571427 0.06510416666666667
6 0.7746428571428572 0.19583333333333333 0.2092857142857143 0.10416666666666667
14 0.15285714285714286 0.35989583333333336 0.08714285714285715 0.08697916666666666
16 0.23714285714285716 0.38385416666666666 0.09535714285714286 0.034375
23 0.5667857142857143 0.38177083333333334 0.19071428571428573 0.08854166666666667
11 0.7871428571428571 0.37786458333333334 0.24464285714285713 0.0875
9 0.22178571428571428 0.5763020833333333 0.15142857142857144 0.07083333333333333
12 0.3425 0.5669270833333333 0.12785714285714286 0.05520833333333333
5 0.5389285714285714 0.60390625 0.17392857142857143 0.048177083333333336
24 0.7792857142857142 0.5401041666666667 0.2982142857142857 0.18046875