23 0.19357142857142856 0.6072916666666667 0.12892857142857142 0.07291666666666667
12 0.205 0.4947916666666667 0.2317857142857143 0.06458333333333334
7 0.7396428571428572 0.46927083333333336 0.11892857142857143 0.06380208333333333
3 0.6278571428571429 0.5979166666666667 0.20714285714285716 0.0921875
18 0.1632142857142857 0.3177083333333333 0.2325 0.05963541666666667
6 0.44571428571428573 0.44895833333333335 0.13642857142857143 0.08932291666666667
4 0.37142857142857144 0.3104166666666667 0.15678571428571428 0.07057291666666667
11 0.2985714285714286 0.6859375 0.22714285714285715 0.07942708333333333
15 0.55 0.6885416666666667 0.14821428571428572 0.05651041666666667
8 0.7592857142857142 0.32317708333333334 0.14964285714285713 0.05182291666666667
9 0.42 0.5955729166666667 0.15678571428571428 0.08359375
14 0.6042857142857143 0.5161458333333333 0.11535714285714285 0.04401041666666667