20 0.7985714285714286 0.4622395833333333 0.09107142857142857 0.06197916666666667
20 0.675 0.4515625 0.09107142857142857 0.06666666666666667
20 0.585 0.45416666666666666 0.08464285714285714 0.05520833333333333
21 0.2342857142857143 0.45807291666666666 0.21714285714285714 0.050520833333333334
10 0.5057142857142857 0.28567708333333336 0.2125 0.06015625
16 0.7171428571428572 0.31744791666666666 0.115 0.016145833333333335
13 0.22678571428571428 0.2953125 0.08035714285714286 0.047135416666666666
8 0.7735714285714286 0.6598958333333333 0.24535714285714286 0.10911458333333333
14 0.5425 0.5958333333333333 0.165 0.09765625
12 0.45357142857142857 0.6729166666666667 0.13464285714285715 0.05703125
23 0.2907142857142857 0.66171875 0.08678571428571429 0.06015625
23 0.20607142857142857 0.6559895833333333 0.07821428571428571 0.05859375