9 0.8117857142857143 0.44192708333333336 0.185 0.09270833333333334
11 0.8146428571428571 0.6986979166666667 0.24142857142857144 0.0796875
3 0.5389285714285714 0.4393229166666667 0.24928571428571428 0.09375
15 0.21714285714285714 0.6854166666666667 0.1275 0.07708333333333334
6 0.6517857142857143 0.26979166666666665 0.135 0.10052083333333334
23 0.14714285714285713 0.2869791666666667 0.17821428571428571 0.09661458333333334
14 0.5485714285714286 0.6776041666666667 0.1357142857142857 0.058333333333333334
18 0.8210714285714286 0.3109375 0.21571428571428572 0.051041666666666666
8 0.755 0.62578125 0.10714285714285714 0.06145833333333333
21 0.4185714285714286 0.5919270833333333 0.1625 0.08177083333333333
13 0.265 0.48776041666666664 0.17392857142857143 0.0703125
20 0.4421428571428571 0.30807291666666664 0.12892857142857142 0.06953125
4 0.66 0.5005208333333333 0.21142857142857144 0.08463541666666667