3 0.68 0.6018229166666667 0.18964285714285714 0.10104166666666667
14 0.8125 0.5151041666666667 0.125 0.052083333333333336
11 0.2325 0.5041666666666667 0.22107142857142856 0.065625
18 0.15892857142857142 0.31953125 0.22857142857142856 0.05703125
12 0.1992857142857143 0.6205729166666667 0.2125 0.06640625
15 0.2625 0.6880208333333333 0.07785714285714286 0.05703125
6 0.3917857142857143 0.44166666666666665 0.1625 0.08541666666666667
7 0.5492857142857143 0.4796875 0.15321428571428572 0.06197916666666667
15 0.33964285714285714 0.665625 0.08071428571428571 0.053385416666666664
4 0.37214285714285716 0.31145833333333334 0.14607142857142857 0.0453125
21 0.5642857142857143 0.31328125 0.22535714285714287 0.05625
13 0.6071428571428571 0.6791666666666667 0.19214285714285714 0.06666666666666667