4 0.17392857142857143 0.2591145833333333 0.24928571428571428 0.13671875
9 0.6375 0.27630208333333334 0.16535714285714287 0.09296875
6 0.23714285714285716 0.41822916666666665 0.16035714285714286 0.10078125
15 0.2042857142857143 0.4705729166666667 0.25142857142857145 0.06614583333333333
16 0.43535714285714283 0.4513020833333333 0.1407142857142857 0.04739583333333333
12 0.5889285714285715 0.48020833333333335 0.22642857142857142 0.0515625
21 0.8271428571428572 0.46588541666666666 0.18178571428571427 0.06692708333333333
0 0.2732142857142857 0.6151041666666667 0.13535714285714287 0.08932291666666667
10 0.44285714285714284 0.6348958333333333 0.16535714285714287 0.10208333333333333
14 0.5328571428571428 0.5908854166666667 0.085 0.08463541666666667
8 0.7714285714285715 0.6419270833333334 0.2785714285714286 0.11588541666666667
23 0.12357142857142857 0.68828125 0.19392857142857142 0.07682291666666667