0 0.18035714285714285 0.28984375 0.17 0.06041666666666667
17 0.565 0.2643229166666667 0.2032142857142857 0.12161458333333333
11 0.205 0.4546875 0.21214285714285713 0.10208333333333333
23 0.5646428571428571 0.48411458333333335 0.16964285714285715 0.06302083333333333
7 0.5 0.44583333333333336 0.09928571428571428 0.08411458333333334
7 0.7992857142857143 0.4625 0.2814285714285714 0.05416666666666667
8 0.2975 0.63828125 0.28714285714285714 0.0640625
6 0.6025 0.6 0.2325 0.12421875
12 0.48142857142857143 0.6895833333333333 0.27071428571428574 0.049479166666666664
15 0.7321428571428571 0.68515625 0.13392857142857142 0.07447916666666667
16 0.7921428571428571 0.640625 0.07857142857142857 0.05911458333333333