12 0.16857142857142857 0.37213541666666666 0.2839285714285714 0.09192708333333334
18 0.35928571428571426 0.728125 0.18964285714285714 0.06614583333333333
9 0.8360714285714286 0.3416666666666667 0.21392857142857144 0.11197916666666667
20 0.605 0.5518229166666667 0.19321428571428573 0.06666666666666667
21 0.8453571428571428 0.5877604166666667 0.22428571428571428 0.07708333333333334
7 0.345 0.5494791666666666 0.11428571428571428 0.057291666666666664
23 0.8017857142857143 0.7640625 0.17857142857142858 0.09453125
15 0.205 0.7932291666666667 0.15428571428571428 0.08541666666666667
8 0.21321428571428572 0.5809895833333333 0.1825 0.07552083333333333
14 0.4957142857142857 0.3809895833333333 0.15428571428571428 0.04244791666666667
4 0.5364285714285715 0.7911458333333333 0.16464285714285715 0.09296875