23 0.8771428571428571 0.4622395833333333 0.15535714285714286 0.07265625
0 0.225 0.6138020833333333 0.18142857142857144 0.09140625
12 0.31392857142857145 0.6736979166666667 0.2325 0.07994791666666666
10 0.8014285714285714 0.27786458333333336 0.18714285714285714 0.07213541666666666
9 0.7385714285714285 0.5947916666666667 0.15535714285714286 0.10859375
6 0.4039285714285714 0.253125 0.17214285714285715 0.09453125
15 0.3157142857142857 0.43697916666666664 0.195 0.059375
7 0.13142857142857142 0.44505208333333335 0.18392857142857144 0.09583333333333334
8 0.5732142857142857 0.28229166666666666 0.21642857142857144 0.051041666666666666
16 0.5785714285714286 0.4515625 0.2275 0.06197916666666667
21 0.4957142857142857 0.6674479166666667 0.18 0.078125
14 0.7139285714285715 0.6403645833333333 0.09535714285714286 0.10572916666666667