3 0.6810714285714285 0.6020833333333333 0.18964285714285714 0.09921875
14 0.81 0.5135416666666667 0.12107142857142857 0.049479166666666664
7 0.5485714285714286 0.48020833333333335 0.15178571428571427 0.059895833333333336
11 0.2357142857142857 0.5018229166666667 0.22535714285714287 0.06328125
6 0.39071428571428574 0.44505208333333335 0.16392857142857142 0.08307291666666666
12 0.20214285714285715 0.6197916666666666 0.21428571428571427 0.06458333333333334
13 0.6439285714285714 0.6825520833333333 0.125 0.06901041666666667
15 0.2625 0.6872395833333333 0.075 0.05546875
15 0.2985714285714286 0.6755208333333333 0.15857142857142856 0.06848958333333334
21 0.5653571428571429 0.3140625 0.22535714285714287 0.05546875
4 0.36892857142857144 0.30807291666666664 0.14464285714285716 0.05286458333333333
18 0.16071428571428573 0.31875 0.2325 0.05078125