24 0.5860714285714286 0.5802083333333333 0.2882142857142857 0.19010416666666666
12 0.7685714285714286 0.6135416666666667 0.1717857142857143 0.11770833333333333
16 0.30357142857142855 0.4393229166666667 0.2032142857142857 0.05963541666666667
0 0.20464285714285715 0.2640625 0.12 0.07317708333333334
23 0.845 0.4393229166666667 0.20535714285714285 0.090625
15 0.5189285714285714 0.4348958333333333 0.17821428571428571 0.071875
4 0.2925 0.6158854166666666 0.21857142857142858 0.08411458333333334
14 0.7392857142857143 0.2552083333333333 0.20142857142857143 0.08385416666666666
6 0.5157142857142857 0.25026041666666665 0.14607142857142857 0.08541666666666667
9 0.42857142857142855 0.26953125 0.15857142857142856 0.059375
12 0.8760714285714286 0.6388020833333333 0.10571428571428572 0.046614583333333334