23 0.7539285714285714 0.5059895833333333 0.18857142857142858 0.07838541666666667
11 0.45321428571428574 0.690625 0.23607142857142857 0.08177083333333333
3 0.7003571428571429 0.29739583333333336 0.2525 0.10833333333333334
7 0.21535714285714286 0.31588541666666664 0.17464285714285716 0.059895833333333336
12 0.7471428571428571 0.6270833333333333 0.1717857142857143 0.07421875
4 0.36714285714285716 0.31171875 0.14392857142857143 0.06145833333333333
21 0.5225 0.590625 0.14357142857142857 0.07682291666666667
13 0.22321428571428573 0.50390625 0.2057142857142857 0.05572916666666667
20 0.41892857142857143 0.4671875 0.2 0.05651041666666667
8 0.6028571428571429 0.48880208333333336 0.08857142857142856 0.042708333333333334
9 0.22142857142857142 0.60078125 0.15785714285714286 0.08489583333333334