7 0.21464285714285714 0.32421875 0.1742857142857143 0.058854166666666666
20 0.5285714285714286 0.3296875 0.16035714285714286 0.0625
3 0.6178571428571429 0.28229166666666666 0.2542857142857143 0.07005208333333333
18 0.7582142857142857 0.3372395833333333 0.2675 0.05078125
6 0.3539285714285714 0.4588541666666667 0.11392857142857143 0.08645833333333333
14 0.26142857142857145 0.5200520833333333 0.13071428571428573 0.04765625
15 0.4675 0.52109375 0.12607142857142858 0.0421875
8 0.5839285714285715 0.48359375 0.13464285714285715 0.040625
23 0.7478571428571429 0.5067708333333333 0.18392857142857144 0.07447916666666667
9 0.21857142857142858 0.6036458333333333 0.14964285714285713 0.07994791666666666
21 0.5182142857142857 0.5994791666666667 0.1332142857142857 0.07213541666666666
12 0.7578571428571429 0.6307291666666667 0.14964285714285713 0.061197916666666664
13 0.6539285714285714 0.6895833333333333 0.20285714285714285 0.05911458333333333
11 0.35678571428571426 0.6932291666666667 0.22392857142857142 0.07135416666666666