4 0.15642857142857142 0.1828125 0.2367857142857143 0.15130208333333334
15 0.19464285714285715 0.4200520833333333 0.16392857142857142 0.03984375
15 0.3742857142857143 0.39817708333333335 0.22607142857142856 0.09036458333333333
16 0.3385714285714286 0.41875 0.14535714285714285 0.04739583333333333
14 0.6128571428571429 0.3723958333333333 0.1957142857142857 0.09791666666666667
12 0.7960714285714285 0.4236979166666667 0.26107142857142857 0.05390625
9 0.3325 0.58828125 0.14214285714285715 0.06901041666666667
23 0.42178571428571426 0.5619791666666667 0.1375 0.0609375
17 0.6235714285714286 0.56171875 0.16178571428571428 0.09635416666666667
11 0.7914285714285715 0.5953125 0.12964285714285714 0.09010416666666667
5 0.22392857142857142 0.7049479166666667 0.15785714285714286 0.06848958333333334