1 0.175 0.47734375 0.1657142857142857 0.078125
11 0.8185714285714286 0.6682291666666667 0.18142857142857144 0.10651041666666666
24 0.5153571428571428 0.6171875 0.25142857142857145 0.14401041666666667
12 0.18571428571428572 0.68671875 0.23357142857142857 0.06354166666666666
16 0.7175 0.49322916666666666 0.12285714285714286 0.04635416666666667
23 0.3628571428571429 0.3177083333333333 0.11785714285714285 0.04453125
10 0.8410714285714286 0.29322916666666665 0.11392857142857143 0.09895833333333333
4 0.31357142857142856 0.45989583333333334 0.23857142857142857 0.13125
15 0.5764285714285714 0.48723958333333334 0.1825 0.06276041666666667
5 0.18035714285714285 0.31197916666666664 0.14535714285714285 0.05625
23 0.4714285714285714 0.31796875 0.11571428571428571 0.043229166666666666
6 0.7007142857142857 0.29296875 0.17392857142857143 0.08645833333333333
9 0.8821428571428571 0.48828125 0.18357142857142858 0.08307291666666666
4 0.675 0.7111979166666667 0.21285714285714286 0.07369791666666667