3 0.6214285714285714 0.596875 0.20714285714285716 0.09583333333333334
14 0.8096428571428571 0.5138020833333333 0.12142857142857143 0.05
9 0.4207142857142857 0.5919270833333333 0.15285714285714286 0.07838541666666667
12 0.08857142857142856 0.4786458333333333 0.13178571428571428 0.09505208333333333
11 0.29035714285714287 0.68515625 0.23285714285714285 0.0765625
8 0.8121428571428572 0.32864583333333336 0.10392857142857143 0.04244791666666667
15 0.5482142857142858 0.6848958333333334 0.1392857142857143 0.0546875
6 0.26035714285714284 0.44088541666666664 0.145 0.08333333333333333
23 0.18928571428571428 0.6078125 0.135 0.07526041666666666
20 0.43107142857142855 0.47630208333333335 0.1382142857142857 0.06666666666666667
21 0.5592857142857143 0.31354166666666666 0.24071428571428571 0.053385416666666664
4 0.36964285714285716 0.30963541666666666 0.15214285714285714 0.05364583333333333
18 0.165 0.3177083333333333 0.22785714285714287 0.04973958333333333