5 0.18535714285714286 0.2515625 0.14714285714285713 0.071875
14 0.6975 0.24114583333333334 0.0775 0.08984375
15 0.8139285714285714 0.2596354166666667 0.12178571428571429 0.058854166666666666
20 0.22 0.42994791666666665 0.10892857142857143 0.0671875
21 0.34035714285714286 0.434375 0.12857142857142856 0.08098958333333334
16 0.5103571428571428 0.44583333333333336 0.05678571428571429 0.04505208333333333
16 0.61 0.44947916666666665 0.06571428571428571 0.04765625
12 0.8264285714285714 0.4421875 0.21857142857142858 0.062239583333333334
23 0.2982142857142857 0.6317708333333333 0.1775 0.09010416666666667
23 0.8671428571428571 0.6471354166666666 0.12392857142857143 0.07213541666666666
24 0.7060714285714286 0.5708333333333333 0.26964285714285713 0.14375
11 0.5485714285714286 0.6471354166666666 0.275 0.12109375