9 0.14857142857142858 0.6330729166666667 0.19964285714285715 0.10755208333333334
3 0.48714285714285716 0.44244791666666666 0.2475 0.09479166666666666
14 0.17964285714285713 0.32083333333333336 0.14964285714285713 0.048177083333333336
11 0.7617857142857143 0.69609375 0.23464285714285715 0.07994791666666666
12 0.3896428571428571 0.678125 0.1692857142857143 0.09453125
6 0.6775 0.2794270833333333 0.15821428571428572 0.11432291666666666
7 0.38392857142857145 0.30416666666666664 0.1367857142857143 0.058333333333333334
13 0.21928571428571428 0.4921875 0.17714285714285713 0.06875
8 0.6242857142857143 0.64296875 0.07678571428571429 0.07213541666666666
4 0.7632142857142857 0.5033854166666667 0.21285714285714286 0.07109375
21 0.4564285714285714 0.5942708333333333 0.17607142857142857 0.07317708333333334