23 0.5217857142857143 0.253125 0.19464285714285715 0.04583333333333333
9 0.6789285714285714 0.24947916666666667 0.13178571428571428 0.07265625
6 0.18 0.39895833333333336 0.2275 0.11276041666666667
10 0.3525 0.39817708333333335 0.09071428571428572 0.1109375
15 0.49142857142857144 0.41119791666666666 0.16 0.06875
16 0.6107142857142858 0.42552083333333335 0.11214285714285714 0.04348958333333333
12 0.8410714285714286 0.4421875 0.21535714285714286 0.042708333333333334
11 0.16535714285714287 0.6106770833333334 0.19142857142857142 0.10625
24 0.27535714285714286 0.5447916666666667 0.2621428571428571 0.13072916666666667
5 0.5792857142857143 0.5963541666666666 0.14035714285714285 0.07291666666666667
1 0.8282142857142857 0.6057291666666667 0.15 0.08671875
4 0.4142857142857143 0.6440104166666667 0.16214285714285714 0.065625
4 0.61 0.6549479166666666 0.13071428571428573 0.053385416666666664
4 0.8060714285714285 0.5596354166666667 0.21321428571428572 0.1265625