3 0.1632142857142857 0.3450520833333333 0.3117857142857143 0.13359375
23 0.48928571428571427 0.37005208333333334 0.21 0.0796875
21 0.7885714285714286 0.35911458333333335 0.1667857142857143 0.09739583333333333
14 0.09285714285714286 0.5986979166666667 0.15107142857142858 0.07526041666666666
13 0.28535714285714286 0.5557291666666667 0.20535714285714285 0.05390625
11 0.5657142857142857 0.5333333333333333 0.26357142857142857 0.0984375
12 0.8303571428571429 0.5875 0.23107142857142857 0.09739583333333333
7 0.13392857142857142 0.79296875 0.15392857142857144 0.08723958333333333
18 0.4017857142857143 0.75546875 0.19428571428571428 0.07135416666666666
6 0.6303571428571428 0.7122395833333334 0.155 0.09401041666666667
9 0.8510714285714286 0.7791666666666667 0.2325 0.13880208333333333
15 0.52 0.8283854166666667 0.23857142857142857 0.06822916666666666