24 0.2792857142857143 0.5765625 0.2546428571428571 0.1265625
11 0.8182142857142857 0.63984375 0.18107142857142858 0.10859375
5 0.18035714285714285 0.27786458333333336 0.14821428571428572 0.05807291666666667
23 0.41785714285714287 0.28984375 0.23142857142857143 0.04583333333333333
15 0.5739285714285715 0.45677083333333335 0.17785714285714285 0.061197916666666664
10 0.8389285714285715 0.2640625 0.11642857142857142 0.09921875
16 0.715 0.46119791666666665 0.1225 0.048177083333333336
12 0.17392857142857143 0.6598958333333333 0.21535714285714286 0.045572916666666664
6 0.7003571428571429 0.26458333333333334 0.17607142857142857 0.08880208333333334
4 0.3392857142857143 0.6838541666666667 0.2282142857142857 0.06796875
1 0.18785714285714286 0.4453125 0.17285714285714285 0.08125
9 0.8825 0.45859375 0.17964285714285713 0.08307291666666666
4 0.595 0.66875 0.31535714285714284 0.08619791666666667