10 0.1667857142857143 0.44895833333333335 0.09714285714285714 0.07109375
15 0.37392857142857144 0.4315104166666667 0.25107142857142856 0.0703125
16 0.5617857142857143 0.44583333333333336 0.11892857142857143 0.04505208333333333
4 0.57 0.23046875 0.24892857142857142 0.12734375
6 0.7042857142857143 0.25416666666666665 0.20214285714285715 0.09635416666666667
11 0.8282142857142857 0.41510416666666666 0.20642857142857143 0.10625
23 0.5817857142857142 0.6216145833333333 0.21214285714285713 0.07447916666666667
4 0.6907142857142857 0.6861979166666666 0.18178571428571427 0.07213541666666666
9 0.8778571428571429 0.6700520833333333 0.15892857142857142 0.08854166666666667
12 0.21892857142857142 0.6859375 0.2275 0.06640625
24 0.24892857142857142 0.5796875 0.2675 0.15182291666666667