3 0.6217857142857143 0.5973958333333333 0.21035714285714285 0.0953125
12 0.09142857142857143 0.4825520833333333 0.1467857142857143 0.09713541666666667
15 0.5464285714285714 0.6880208333333333 0.14642857142857144 0.05677083333333333
11 0.29 0.6854166666666667 0.22964285714285715 0.0796875
14 0.6175 0.5098958333333333 0.12857142857142856 0.04401041666666667
6 0.2571428571428571 0.44375 0.14535714285714285 0.08567708333333333
8 0.18821428571428572 0.6041666666666666 0.13178571428571428 0.07239583333333334
18 0.15857142857142856 0.32005208333333335 0.22785714285714287 0.054947916666666666
7 0.6389285714285714 0.45859375 0.12178571428571429 0.06145833333333333
9 0.41785714285714287 0.5924479166666666 0.1625 0.08046875
20 0.4307142857142857 0.48020833333333335 0.1367857142857143 0.06796875
4 0.36678571428571427 0.30911458333333336 0.13642857142857143 0.04895833333333333
21 0.5592857142857143 0.31354166666666666 0.2325 0.06276041666666667
8 0.7707142857142857 0.33125 0.19321428571428573 0.038802083333333334