12 0.5575 0.48776041666666664 0.18178571428571427 0.0453125
23 0.3007142857142857 0.6661458333333333 0.13964285714285715 0.06692708333333333
12 0.7242857142857143 0.4875 0.1175 0.05546875
12 0.8675 0.4859375 0.16428571428571428 0.04401041666666667
16 0.8346428571428571 0.6885416666666667 0.14892857142857144 0.07578125
14 0.3507142857142857 0.4317708333333333 0.13285714285714287 0.08489583333333334
20 0.2067857142857143 0.46640625 0.19678571428571429 0.06822916666666666
6 0.7917857142857143 0.27734375 0.19714285714285715 0.1015625
9 0.26071428571428573 0.2791666666666667 0.17857142857142858 0.09322916666666667
4 0.5614285714285714 0.44036458333333334 0.21392857142857144 0.065625
13 0.47214285714285714 0.30182291666666666 0.08142857142857143 0.052083333333333336
15 0.5257142857142857 0.7005208333333334 0.2982142857142857 0.062239583333333334