11 0.20642857142857143 0.51875 0.24821428571428572 0.07213541666666666
18 0.35214285714285715 0.6760416666666667 0.22535714285714287 0.07864583333333333
9 0.455 0.29010416666666666 0.19392857142857142 0.09166666666666666
12 0.1725 0.3190104166666667 0.225 0.05807291666666667
7 0.22857142857142856 0.6166666666666667 0.12357142857142857 0.08125
15 0.6289285714285714 0.6651041666666667 0.12071428571428572 0.06666666666666667
3 0.5421428571428571 0.59296875 0.22 0.08203125
6 0.6964285714285714 0.45234375 0.14 0.08880208333333334
23 0.7378571428571429 0.3255208333333333 0.16535714285714287 0.06458333333333334
8 0.3842857142857143 0.47708333333333336 0.12785714285714286 0.04609375
14 0.5121428571428571 0.5208333333333334 0.11678571428571428 0.06328125