11 0.35892857142857143 0.6888020833333334 0.21392857142857144 0.07578125
21 0.5232142857142857 0.5958333333333333 0.13857142857142857 0.07369791666666667
6 0.3525 0.45546875 0.13071428571428573 0.090625
3 0.6110714285714286 0.28072916666666664 0.245 0.07083333333333333
7 0.21678571428571428 0.3138020833333333 0.16964285714285715 0.05703125
23 0.7521428571428571 0.50859375 0.18714285714285714 0.078125
9 0.22428571428571428 0.6059895833333333 0.1575 0.08984375
12 0.7589285714285714 0.628125 0.1492857142857143 0.07161458333333333
4 0.37 0.3151041666666667 0.14535714285714285 0.059375
8 0.5739285714285715 0.4822916666666667 0.1375 0.043229166666666666
15 0.4732142857142857 0.5158854166666667 0.12964285714285714 0.054427083333333334
20 0.5217857142857143 0.3268229166666667 0.15535714285714286 0.06171875
18 0.7564285714285715 0.33645833333333336 0.26785714285714285 0.05651041666666667
14 0.2639285714285714 0.5213541666666667 0.1225 0.044270833333333336