12 0.225 0.475 0.19464285714285715 0.06875
23 0.5053571428571428 0.48020833333333335 0.23214285714285715 0.06640625
11 0.5257142857142857 0.4203125 0.18714285714285714 0.06588541666666667
17 0.75 0.42109375 0.15428571428571428 0.12213541666666666
0 0.8778571428571429 0.4622395833333333 0.21035714285714285 0.11041666666666666
2 0.3489285714285714 0.62578125 0.21571428571428572 0.062239583333333334
7 0.21964285714285714 0.6578125 0.11607142857142858 0.08697916666666666
8 0.5132142857142857 0.6734375 0.28964285714285715 0.06354166666666666
10 0.6725 0.6807291666666667 0.08785714285714286 0.06666666666666667
16 0.8182142857142857 0.66328125 0.15821428571428572 0.06276041666666667
15 0.8107142857142857 0.6263020833333334 0.11964285714285715 0.04791666666666667
6 0.5985714285714285 0.5934895833333333 0.2367857142857143 0.11484375