7 0.23642857142857143 0.26458333333333334 0.20392857142857143 0.040625
20 0.4742857142857143 0.42473958333333334 0.115 0.07161458333333333
20 0.5771428571428572 0.4166666666666667 0.08678571428571429 0.06197916666666667
6 0.7432142857142857 0.3807291666666667 0.16714285714285715 0.10416666666666667
23 0.2885714285714286 0.41171875 0.10857142857142857 0.06197916666666667
23 0.19 0.409375 0.08892857142857143 0.05703125
0 0.23535714285714285 0.6096354166666667 0.2017857142857143 0.09921875
8 0.45571428571428574 0.5770833333333333 0.3385714285714286 0.0375
12 0.7692857142857142 0.5770833333333333 0.18892857142857142 0.06015625
16 0.8432142857142857 0.62734375 0.14964285714285713 0.08307291666666666
10 0.7532142857142857 0.23854166666666668 0.32535714285714284 0.05364583333333333