11 0.20607142857142857 0.51875 0.24857142857142858 0.07213541666666666
18 0.35535714285714287 0.67578125 0.22464285714285714 0.07916666666666666
9 0.45535714285714285 0.28984375 0.19464285714285715 0.09114583333333333
12 0.1725 0.31875 0.225 0.0578125
3 0.5421428571428571 0.5932291666666667 0.21785714285714286 0.08020833333333334
15 0.6289285714285714 0.6645833333333333 0.11964285714285715 0.06692708333333333
7 0.2292857142857143 0.6166666666666667 0.12321428571428572 0.08046875
6 0.6960714285714286 0.45234375 0.14 0.0890625
8 0.3842857142857143 0.47682291666666665 0.12785714285714286 0.04583333333333333
23 0.7375 0.32526041666666666 0.1657142857142857 0.06510416666666667
14 0.5064285714285715 0.5177083333333333 0.1175 0.05182291666666667