7 0.8092857142857143 0.42890625 0.13464285714285715 0.0796875
22 0.6932142857142857 0.40130208333333334 0.24535714285714286 0.11223958333333334
5 0.47 0.42161458333333335 0.11071428571428571 0.07161458333333333
13 0.2842857142857143 0.26458333333333334 0.21714285714285714 0.040625
14 0.23107142857142857 0.4109375 0.18428571428571427 0.08958333333333333
3 0.32 0.5591145833333333 0.20607142857142857 0.1578125
16 0.19321428571428573 0.6403645833333333 0.13464285714285715 0.040625
23 0.5360714285714285 0.64375 0.08678571428571429 0.06354166666666666
23 0.45571428571428574 0.64296875 0.0825 0.05520833333333333
9 0.6314285714285715 0.58359375 0.2125 0.10572916666666667
11 0.8107142857142857 0.6177083333333333 0.2017857142857143 0.09921875