23 0.1725 0.290625 0.12357142857142857 0.06015625
23 0.32321428571428573 0.29296875 0.10428571428571429 0.052083333333333336
7 0.5078571428571429 0.2872395833333333 0.12571428571428572 0.06354166666666666
6 0.8082142857142857 0.24895833333333334 0.25821428571428573 0.13333333333333333
8 0.18428571428571427 0.4817708333333333 0.23857142857142857 0.06822916666666666
2 0.45035714285714284 0.45989583333333334 0.29714285714285715 0.047135416666666666
23 0.6457142857142857 0.4703125 0.14964285714285713 0.06197916666666667
11 0.8539285714285715 0.45729166666666665 0.18 0.09114583333333333
12 0.22785714285714287 0.6729166666666667 0.2257142857142857 0.07317708333333334
6 0.3807142857142857 0.6388020833333333 0.17142857142857143 0.12213541666666666
16 0.7725 0.62734375 0.09107142857142857 0.050520833333333334
15 0.7757142857142857 0.68125 0.14964285714285713 0.06666666666666667