12 0.36964285714285716 0.6828125 0.21428571428571427 0.0640625
16 0.3892857142857143 0.45677083333333335 0.12892857142857142 0.046614583333333334
11 0.8146428571428571 0.44140625 0.18357142857142858 0.1046875
15 0.19892857142857143 0.4453125 0.2546428571428571 0.07005208333333333
9 0.24107142857142858 0.628125 0.1382142857142857 0.07604166666666666
23 0.5503571428571429 0.6575520833333334 0.18928571428571428 0.08541666666666667
4 0.6089285714285714 0.46458333333333335 0.21785714285714286 0.0546875
24 0.7078571428571429 0.5940104166666667 0.2532142857142857 0.14114583333333333
10 0.8610714285714286 0.6609375 0.10035714285714285 0.10520833333333333
4 0.3846428571428571 0.23854166666666668 0.21785714285714286 0.14895833333333333
6 0.5121428571428571 0.2716145833333333 0.19642857142857142 0.07447916666666667