4 0.17107142857142857 0.18645833333333334 0.21642857142857144 0.14661458333333333
6 0.22178571428571428 0.3802083333333333 0.16785714285714284 0.11432291666666666
4 0.10607142857142857 0.425 0.12535714285714286 0.04765625
12 0.8010714285714285 0.42578125 0.26964285714285713 0.04973958333333333
15 0.21107142857142858 0.6270833333333333 0.16107142857142856 0.037760416666666664
16 0.3525 0.6239583333333333 0.12142857142857143 0.04583333333333333
15 0.37214285714285716 0.6010416666666667 0.24071428571428571 0.08489583333333334
23 0.4117857142857143 0.5619791666666667 0.15857142857142856 0.06380208333333333
14 0.6367857142857143 0.5606770833333333 0.13642857142857143 0.06822916666666666
11 0.8003571428571429 0.5934895833333333 0.21071428571428572 0.09192708333333334
5 0.2257142857142857 0.7078125 0.15392857142857144 0.06927083333333334