11 0.20607142857142857 0.5190104166666667 0.24821428571428572 0.071875
18 0.3557142857142857 0.6760416666666667 0.22785714285714287 0.07916666666666666
9 0.45535714285714285 0.28984375 0.19428571428571428 0.09140625
12 0.1725 0.3190104166666667 0.225 0.057291666666666664
7 0.22857142857142856 0.6166666666666667 0.12357142857142857 0.08098958333333334
15 0.6292857142857143 0.66484375 0.12 0.06666666666666667
3 0.5428571428571428 0.59296875 0.22107142857142856 0.08255208333333333
6 0.6957142857142857 0.45260416666666664 0.13964285714285715 0.08854166666666667
8 0.3846428571428571 0.47708333333333336 0.12821428571428573 0.04583333333333333
23 0.7375 0.3255208333333333 0.16535714285714287 0.06432291666666666
14 0.5046428571428572 0.5182291666666666 0.10785714285714286 0.0578125