23 0.65 0.30104166666666665 0.07607142857142857 0.04244791666666667
23 0.7703571428571429 0.30364583333333334 0.0825 0.047135416666666666
20 0.205 0.47109375 0.10642857142857143 0.0765625
20 0.295 0.46458333333333335 0.11285714285714285 0.08307291666666666
13 0.7485714285714286 0.47291666666666665 0.07821428571428571 0.08619791666666667
8 0.6346428571428572 0.48984375 0.1325 0.04244791666666667
10 0.4035714285714286 0.6591145833333333 0.21714285714285714 0.09427083333333333
6 0.8475 0.6494791666666667 0.18428571428571427 0.12708333333333333
12 0.6510714285714285 0.6552083333333333 0.19107142857142856 0.040625
16 0.6425 0.6885416666666667 0.0825 0.052083333333333336
16 0.5664285714285714 0.6877604166666667 0.07392857142857143 0.06015625
14 0.2571428571428571 0.6200520833333333 0.18428571428571427 0.09765625