3 0.6796428571428571 0.6020833333333333 0.18892857142857142 0.10026041666666667
14 0.8121428571428572 0.5151041666666667 0.12678571428571428 0.05260416666666667
11 0.23214285714285715 0.5041666666666667 0.22035714285714286 0.065625
12 0.19857142857142857 0.6208333333333333 0.21214285714285713 0.06666666666666667
18 0.15928571428571428 0.31979166666666664 0.2275 0.05677083333333333
6 0.3917857142857143 0.44166666666666665 0.16214285714285714 0.08515625
15 0.2625 0.68828125 0.07928571428571428 0.05755208333333333
15 0.3414285714285714 0.6661458333333333 0.07821428571428571 0.05364583333333333
15 0.29392857142857143 0.67578125 0.15107142857142858 0.07239583333333334
7 0.55 0.47942708333333334 0.15285714285714286 0.0609375
4 0.3707142857142857 0.3125 0.14107142857142857 0.05651041666666667
21 0.5607142857142857 0.31015625 0.23785714285714285 0.058333333333333334
13 0.6332142857142857 0.6796875 0.11928571428571429 0.07369791666666667
13 0.5328571428571428 0.6684895833333333 0.053214285714285714 0.043229166666666666