20 0.1575 0.42552083333333335 0.18107142857142858 0.06796875
16 0.41714285714285715 0.6388020833333333 0.13392857142857142 0.07760416666666667
14 0.36214285714285716 0.40260416666666665 0.16464285714285715 0.09791666666666667
23 0.2507142857142857 0.646875 0.08678571428571429 0.06197916666666667
6 0.5021428571428571 0.5736979166666667 0.15214285714285714 0.09895833333333333
8 0.7892857142857143 0.6388020833333333 0.26357142857142857 0.10859375
23 0.11 0.64921875 0.08964285714285715 0.06979166666666667
12 0.8157142857142857 0.44583333333333336 0.18 0.06744791666666666
4 0.5396428571428571 0.4036458333333333 0.22857142857142856 0.06901041666666667
10 0.6675 0.6283854166666667 0.13285714285714287 0.12682291666666667
13 0.7328571428571429 0.2669270833333333 0.145 0.04869791666666667