3 0.3092857142857143 0.58671875 0.215 0.15130208333333334
23 0.27785714285714286 0.6518229166666667 0.09107142857142857 0.05364583333333333
23 0.16071428571428573 0.6541666666666667 0.08678571428571429 0.06197916666666667
14 0.22678571428571428 0.4354166666666667 0.1975 0.0796875
22 0.6835714285714286 0.42630208333333336 0.22142857142857142 0.11067708333333333
7 0.8082142857142857 0.45078125 0.1367857142857143 0.09114583333333333
5 0.7432142857142857 0.2864583333333333 0.15392857142857144 0.0390625
13 0.2757142857142857 0.2864583333333333 0.2257142857142857 0.03567708333333333
11 0.8139285714285714 0.64375 0.18214285714285713 0.115625
16 0.6325 0.68515625 0.12357142857142857 0.05859375
9 0.6303571428571428 0.6096354166666667 0.215 0.10911458333333333