8 0.36892857142857144 0.5875 0.30392857142857144 0.10416666666666667
21 0.2757142857142857 0.6322916666666667 0.10428571428571429 0.05364583333333333
21 0.1767857142857143 0.6307291666666667 0.115 0.07005208333333333
10 0.26142857142857145 0.39947916666666666 0.22357142857142856 0.07005208333333333
10 0.6175 0.6046875 0.14535714285714285 0.09609375
10 0.7953571428571429 0.6192708333333333 0.21928571428571428 0.09270833333333334
12 0.4992857142857143 0.41354166666666664 0.18678571428571428 0.04244791666666667
15 0.7692857142857142 0.43854166666666666 0.29285714285714287 0.06015625
15 0.6196428571428572 0.2734375 0.0975 0.045572916666666664
15 0.5360714285714285 0.27578125 0.07392857142857143 0.0375
7 0.41464285714285715 0.27005208333333336 0.17357142857142857 0.045572916666666664