9 0.19214285714285714 0.6317708333333333 0.19428571428571428 0.10546875
3 0.5282142857142857 0.440625 0.24714285714285714 0.0890625
14 0.22357142857142856 0.32421875 0.14714285714285713 0.041666666666666664
15 0.5071428571428571 0.51015625 0.11785714285714285 0.06302083333333333
11 0.8114285714285714 0.703125 0.235 0.08359375
6 0.6414285714285715 0.27265625 0.13535714285714287 0.09895833333333333
12 0.4207142857142857 0.68046875 0.16357142857142856 0.09192708333333334
7 0.37464285714285717 0.30234375 0.10928571428571429 0.05416666666666667
18 0.8107142857142857 0.3140625 0.2092857142857143 0.05390625
20 0.5096428571428572 0.30755208333333334 0.14464285714285716 0.06328125
13 0.25392857142857145 0.4875 0.17214285714285715 0.06145833333333333
21 0.49392857142857144 0.5963541666666666 0.17357142857142857 0.0765625
8 0.6592857142857143 0.64375 0.07357142857142857 0.0671875
4 0.8042857142857143 0.5057291666666667 0.2075 0.06822916666666666