3 0.6214285714285714 0.5994791666666667 0.20964285714285713 0.09557291666666666
12 0.09178571428571429 0.4822916666666667 0.145 0.09661458333333334
11 0.2892857142857143 0.6861979166666666 0.2307142857142857 0.08020833333333334
15 0.5460714285714285 0.68828125 0.14821428571428572 0.05651041666666667
14 0.6175 0.5098958333333333 0.12892857142857142 0.043229166666666666
6 0.2575 0.44375 0.145 0.08671875
23 0.18785714285714286 0.6041666666666666 0.13178571428571428 0.07239583333333334
18 0.15821428571428572 0.32005208333333335 0.22785714285714287 0.05546875
9 0.42607142857142855 0.5895833333333333 0.15928571428571428 0.0796875
7 0.6392857142857142 0.45859375 0.12214285714285714 0.061197916666666664
20 0.4342857142857143 0.48098958333333336 0.13785714285714284 0.06067708333333333
4 0.3725 0.3109375 0.13535714285714287 0.05416666666666667
21 0.5610714285714286 0.31223958333333335 0.22857142857142856 0.05963541666666667
8 0.7732142857142857 0.33203125 0.19178571428571428 0.03697916666666667