21 0.3982142857142857 0.6393229166666666 0.24964285714285714 0.07708333333333334
12 0.8571428571428571 0.4627604166666667 0.19 0.05234375
23 0.42607142857142855 0.42213541666666665 0.07642857142857143 0.055989583333333336
23 0.5053571428571428 0.421875 0.07035714285714285 0.0640625
4 0.25607142857142856 0.58359375 0.25107142857142856 0.08020833333333334
14 0.5353571428571429 0.5700520833333333 0.16357142857142856 0.09505208333333333
10 0.5010714285714286 0.24817708333333333 0.21321428571428572 0.07083333333333333
20 0.24107142857142858 0.43203125 0.19714285714285715 0.07057291666666667
8 0.6535714285714286 0.4510416666666667 0.30107142857142855 0.0515625
13 0.2082142857142857 0.25625 0.07392857142857143 0.047135416666666666
16 0.7192857142857143 0.2833333333333333 0.12357142857142857 0.022916666666666665