12 0.8571428571428571 0.6567708333333333 0.15178571428571427 0.09609375
16 0.29964285714285716 0.6403645833333333 0.065 0.05703125
16 0.18892857142857142 0.6192708333333333 0.060714285714285714 0.04401041666666667
22 0.3385714285714286 0.5567708333333333 0.2125 0.13020833333333334
15 0.5435714285714286 0.6606770833333333 0.2842857142857143 0.06822916666666666
15 0.7389285714285714 0.66484375 0.12821428571428573 0.050520833333333334
5 0.6532142857142857 0.4395833333333333 0.165 0.08802083333333334
3 0.38857142857142857 0.41354166666666664 0.3342857142857143 0.11067708333333333
13 0.33 0.27578125 0.16071428571428573 0.04401041666666667
23 0.83 0.45416666666666666 0.10214285714285715 0.06197916666666667
6 0.7 0.23932291666666666 0.2885714285714286 0.12057291666666667