3 0.5396428571428571 0.440625 0.24928571428571428 0.08697916666666666
14 0.5489285714285714 0.6765625 0.13107142857142856 0.053385416666666664
8 0.7535714285714286 0.6203125 0.105 0.06145833333333333
15 0.21571428571428572 0.6854166666666667 0.12071428571428572 0.07395833333333333
11 0.8175 0.69609375 0.24678571428571427 0.07161458333333333
23 0.14785714285714285 0.2942708333333333 0.17642857142857143 0.09114583333333333
18 0.8239285714285715 0.31354166666666666 0.22107142857142856 0.05260416666666667
6 0.6475 0.26848958333333334 0.13857142857142857 0.09765625
21 0.4207142857142857 0.59296875 0.16 0.07890625
9 0.8089285714285714 0.4401041666666667 0.18607142857142858 0.0890625
13 0.25357142857142856 0.48489583333333336 0.18535714285714286 0.06848958333333334
20 0.43607142857142855 0.30130208333333336 0.13071428571428573 0.061197916666666664
4 0.6657142857142857 0.49583333333333335 0.20964285714285713 0.09036458333333333