0 0.19 0.2833333333333333 0.24535714285714286 0.06822916666666666
6 0.8117857142857143 0.24505208333333334 0.29964285714285716 0.1578125
8 0.18107142857142858 0.49244791666666665 0.24964285714285714 0.07317708333333334
2 0.46535714285714286 0.4671875 0.30607142857142855 0.052083333333333336
23 0.6553571428571429 0.4859375 0.15642857142857142 0.06666666666666667
11 0.8635714285714285 0.46458333333333335 0.20392857142857143 0.09270833333333334
17 0.41892857142857143 0.6299479166666667 0.1692857142857143 0.12057291666666667
16 0.7889285714285714 0.64609375 0.09321428571428571 0.05859375
7 0.2725 0.6966145833333334 0.12357142857142857 0.08802083333333334
10 0.5803571428571429 0.6575520833333334 0.08464285714285714 0.0390625
12 0.5078571428571429 0.70546875 0.2907142857142857 0.05364583333333333
15 0.7921428571428571 0.6958333333333333 0.15178571428571427 0.07317708333333334