20 0.6135714285714285 0.39895833333333336 0.22857142857142856 0.08489583333333334
21 0.5321428571428571 0.553125 0.1757142857142857 0.07578125
23 0.4257142857142857 0.36328125 0.19892857142857143 0.08489583333333334
6 0.26285714285714284 0.58515625 0.14392857142857143 0.10859375
12 0.7542857142857143 0.12994791666666666 0.19892857142857143 0.096875
7 0.8692857142857143 0.5828125 0.22607142857142856 0.10286458333333333
11 0.18071428571428572 0.42734375 0.3364285714285714 0.10104166666666667
12 0.6775 0.16848958333333333 0.2342857142857143 0.06380208333333333
12 0.7078571428571429 0.15182291666666667 0.2782142857142857 0.10234375
14 0.37535714285714283 0.16979166666666667 0.19107142857142856 0.07005208333333333
4 0.8467857142857143 0.35625 0.2367857142857143 0.12942708333333333