4 0.15821428571428572 0.2559895833333333 0.25857142857142856 0.14296875
9 0.6267857142857143 0.28567708333333336 0.1632142857142857 0.09192708333333334
6 0.2714285714285714 0.4317708333333333 0.15964285714285714 0.11041666666666666
15 0.44535714285714284 0.49322916666666666 0.2860714285714286 0.054427083333333334
16 0.10571428571428572 0.4901041666666667 0.1407142857142857 0.0609375
14 0.6125 0.4375 0.09071428571428572 0.07942708333333333
21 0.7871428571428571 0.48463541666666665 0.24142857142857144 0.05677083333333333
23 0.1707142857142857 0.6513020833333333 0.15321428571428572 0.06432291666666666
0 0.3507142857142857 0.6854166666666667 0.2092857142857143 0.08723958333333333
10 0.4382142857142857 0.6166666666666667 0.13285714285714287 0.08333333333333333
9 0.7132142857142857 0.6442708333333333 0.3489285714285714 0.09583333333333334
12 0.695 0.709375 0.24678571428571427 0.06979166666666667