23 0.24892857142857142 0.5911458333333334 0.1475 0.06770833333333333
12 0.7835714285714286 0.6536458333333334 0.1382142857142857 0.08072916666666667
8 0.5167857142857143 0.5963541666666666 0.3657142857142857 0.06848958333333334
7 0.32785714285714285 0.65390625 0.08857142857142856 0.07578125
0 0.33714285714285713 0.26458333333333334 0.33071428571428574 0.061197916666666664
7 0.4257142857142857 0.6544270833333333 0.1175 0.08098958333333334
21 0.6253571428571428 0.44479166666666664 0.2067857142857143 0.06953125
15 0.7846428571428572 0.42291666666666666 0.1725 0.05260416666666667
20 0.45571428571428574 0.44557291666666665 0.1367857142857143 0.08046875
10 0.7407142857142858 0.25442708333333336 0.3417857142857143 0.07213541666666666
16 0.19785714285714287 0.44557291666666665 0.15464285714285714 0.06354166666666666