0 0.2735714285714286 0.27760416666666665 0.25607142857142856 0.06015625
7 0.5207142857142857 0.275 0.12142857142857143 0.06197916666666667
6 0.8182142857142857 0.23932291666666666 0.2475 0.14010416666666667
11 0.23 0.4361979166666667 0.19964285714285715 0.10104166666666667
23 0.6542857142857142 0.45807291666666666 0.15392857142857144 0.0796875
2 0.8310714285714286 0.45729166666666665 0.2646428571428571 0.052083333333333336
17 0.38857142857142857 0.6208333333333333 0.1692857142857143 0.12526041666666668
12 0.24535714285714286 0.646875 0.22142857142857142 0.07005208333333333
8 0.5546428571428571 0.6348958333333333 0.17142857142857143 0.07473958333333333
16 0.8017857142857143 0.6208333333333333 0.07607142857142857 0.06354166666666666
15 0.7160714285714286 0.66640625 0.15178571428571427 0.0765625