4 0.17357142857142857 0.17473958333333334 0.23714285714285716 0.153125
5 0.43392857142857144 0.22421875 0.12392857142857143 0.05651041666666667
4 0.5439285714285714 0.22526041666666666 0.17892857142857144 0.06510416666666667
16 0.18285714285714286 0.23932291666666666 0.12571428571428572 0.021875
6 0.7746428571428572 0.20338541666666668 0.215 0.11302083333333333
14 0.13464285714285715 0.3690104166666667 0.12035714285714286 0.09244791666666667
23 0.35 0.38125 0.1992857142857143 0.08098958333333334
11 0.7275 0.390625 0.29464285714285715 0.096875
12 0.21892857142857142 0.58984375 0.18928571428571428 0.058854166666666666
9 0.31785714285714284 0.5408854166666667 0.12178571428571429 0.06822916666666666
15 0.4660714285714286 0.5859375 0.18392857142857144 0.08020833333333334
24 0.7796428571428572 0.5518229166666667 0.29464285714285715 0.17838541666666666