3 0.15321428571428572 0.32890625 0.2985714285714286 0.096875
15 0.22678571428571428 0.39010416666666664 0.26035714285714284 0.04973958333333333
23 0.4857142857142857 0.3697916666666667 0.20357142857142857 0.07552083333333333
21 0.7885714285714286 0.36328125 0.16285714285714287 0.09427083333333333
13 0.2832142857142857 0.55390625 0.2 0.04244791666666667
14 0.24214285714285713 0.6018229166666667 0.1442857142857143 0.052083333333333336
11 0.5996428571428571 0.5341145833333333 0.2225 0.09817708333333333
12 0.8217857142857142 0.5880208333333333 0.22464285714285714 0.09557291666666666
7 0.1325 0.7953125 0.15 0.07473958333333333
18 0.39 0.7661458333333333 0.20464285714285715 0.07760416666666667
6 0.6292857142857143 0.709375 0.14142857142857143 0.09869791666666666
9 0.8596428571428572 0.7830729166666667 0.23 0.12604166666666666