11 0.8135714285714286 0.7005208333333334 0.23892857142857143 0.08333333333333333
14 0.5485714285714286 0.67734375 0.13535714285714287 0.05807291666666667
3 0.535 0.4388020833333333 0.24607142857142858 0.09296875
6 0.6517857142857143 0.26979166666666665 0.13535714285714287 0.10104166666666667
9 0.8114285714285714 0.44166666666666665 0.18714285714285714 0.09322916666666667
23 0.14785714285714285 0.2869791666666667 0.1792857142857143 0.09583333333333334
15 0.2175 0.6856770833333333 0.12714285714285714 0.07734375
21 0.41928571428571426 0.5921875 0.16178571428571428 0.08177083333333333
18 0.8207142857142857 0.31015625 0.21535714285714286 0.05130208333333333
8 0.755 0.62578125 0.1075 0.06171875
3 0.0175 0.7455729166666667 0.03321428571428572 0.19244791666666666
13 0.2639285714285714 0.48776041666666664 0.1742857142857143 0.06979166666666667
4 0.6517857142857143 0.49557291666666664 0.23214285714285715 0.07734375
20 0.43642857142857144 0.3026041666666667 0.1375 0.059895833333333336