15 0.8753571428571428 0.7979166666666667 0.21678571428571428 0.08671875
7 0.1175 0.27317708333333335 0.20285714285714285 0.08020833333333334
6 0.7828571428571428 0.44817708333333334 0.20035714285714284 0.11197916666666667
9 0.5164285714285715 0.23697916666666666 0.22857142857142856 0.11796875
20 0.8792857142857143 0.51796875 0.19678571428571429 0.09348958333333333
14 0.11785714285714285 0.7796875 0.16857142857142857 0.06588541666666667
3 0.7557142857142857 0.6705729166666666 0.32142857142857145 0.14166666666666666
23 0.5307142857142857 0.4947916666666667 0.2092857142857143 0.07838541666666667
13 0.44607142857142856 0.7598958333333333 0.24035714285714285 0.08671875
8 0.1657142857142857 0.51640625 0.17714285714285713 0.103125
18 0.31214285714285717 0.2760416666666667 0.18 0.05963541666666667
4 0.8314285714285714 0.23723958333333334 0.20035714285714284 0.13359375
12 0.1675 0.6671875 0.2892857142857143 0.09427083333333333