9 0.16892857142857143 0.2877604166666667 0.17964285714285713 0.07109375
23 0.5239285714285714 0.30703125 0.19892857142857143 0.04583333333333333
10 0.7971428571428572 0.29635416666666664 0.095 0.0734375
6 0.145 0.44947916666666665 0.19714285714285715 0.11588541666666667
11 0.3360714285714286 0.44947916666666665 0.1492857142857143 0.10625
15 0.5325 0.4739583333333333 0.1775 0.0703125
16 0.665 0.48489583333333336 0.10357142857142858 0.054947916666666666
12 0.8492857142857143 0.49895833333333334 0.2382142857142857 0.04921875
4 0.20142857142857143 0.6203125 0.2057142857142857 0.16484375
4 0.19607142857142856 0.696875 0.20785714285714285 0.07369791666666667
24 0.7614285714285715 0.60078125 0.27071428571428574 0.13567708333333334
5 0.6682142857142858 0.6953125 0.1492857142857143 0.051041666666666666
1 0.7896428571428571 0.67734375 0.1707142857142857 0.09322916666666667