9 0.17214285714285715 0.2921875 0.18607142857142858 0.09479166666666666
23 0.5292857142857142 0.3203125 0.21 0.0484375
10 0.795 0.3015625 0.10357142857142858 0.07916666666666666
6 0.1475 0.4674479166666667 0.20142857142857143 0.12239583333333333
11 0.3389285714285714 0.4627604166666667 0.1742857142857143 0.10859375
15 0.5303571428571429 0.49375 0.16 0.04348958333333333
16 0.6692857142857143 0.49140625 0.08607142857142858 0.0484375
12 0.8514285714285714 0.5138020833333333 0.2292857142857143 0.04921875
24 0.2814285714285714 0.615625 0.2546428571428571 0.1453125
4 0.405 0.7140625 0.15035714285714286 0.06901041666666667
4 0.6132142857142857 0.72421875 0.13714285714285715 0.0453125
5 0.5714285714285714 0.6614583333333334 0.15142857142857144 0.07630208333333334
4 0.82 0.6317708333333333 0.22428571428571428 0.13880208333333333
1 0.8317857142857142 0.6677083333333333 0.17714285714285713 0.08359375