14 0.8117857142857143 0.51484375 0.12178571428571429 0.051041666666666666
3 0.6207142857142857 0.5955729166666667 0.20964285714285713 0.10026041666666667
12 0.09178571428571429 0.4825520833333333 0.1467857142857143 0.096875
15 0.5460714285714285 0.6880208333333333 0.14642857142857144 0.05677083333333333
11 0.2889285714285714 0.6859375 0.23142857142857143 0.0796875
6 0.2571428571428571 0.44375 0.14464285714285716 0.08619791666666667
18 0.15857142857142856 0.31953125 0.22892857142857143 0.054947916666666666
23 0.18785714285714286 0.6041666666666666 0.13142857142857142 0.07239583333333334
8 0.8092857142857143 0.32734375 0.10821428571428572 0.04869791666666667
9 0.42142857142857143 0.5916666666666667 0.15821428571428572 0.08072916666666667
4 0.36964285714285716 0.3106770833333333 0.1357142857142857 0.04765625
21 0.5642857142857143 0.3140625 0.2357142857142857 0.05677083333333333
20 0.43214285714285716 0.478125 0.1375 0.06536458333333334
7 0.6382142857142857 0.46041666666666664 0.13107142857142856 0.05807291666666667