22 0.7796428571428572 0.2 0.26821428571428574 0.17421875
7 0.4017857142857143 0.57421875 0.1692857142857143 0.08567708333333333
16 0.6203571428571428 0.63046875 0.1175 0.06015625
23 0.34464285714285714 0.42213541666666665 0.11 0.06510416666666667
4 0.7725 0.5872395833333334 0.21107142857142858 0.0765625
23 0.4407142857142857 0.42135416666666664 0.08142857142857143 0.05286458333333333
9 0.8653571428571428 0.4231770833333333 0.1457142857142857 0.07239583333333334
15 0.25821428571428573 0.62265625 0.1757142857142857 0.048177083333333336
3 0.025 0.8338541666666667 0.05 0.32890625
13 0.295 0.2635416666666667 0.19964285714285715 0.03567708333333333
9 0.5935714285714285 0.3848958333333333 0.1757142857142857 0.08307291666666666
8 0.5707142857142857 0.45 0.24321428571428572 0.040625
12 0.6660714285714285 0.4434895833333333 0.19535714285714287 0.050520833333333334