12 0.7225 0.6263020833333334 0.11607142857142858 0.06666666666666667
9 0.22607142857142856 0.5973958333333333 0.15142857142857144 0.0859375
11 0.45285714285714285 0.68984375 0.21678571428571428 0.0765625
7 0.21357142857142858 0.32057291666666665 0.16857142857142857 0.053125
3 0.6928571428571428 0.29921875 0.24642857142857144 0.10911458333333333
23 0.7492857142857143 0.5080729166666667 0.18857142857142858 0.07291666666666667
8 0.6035714285714285 0.49166666666666664 0.09142857142857143 0.04401041666666667
20 0.4185714285714286 0.46458333333333335 0.1992857142857143 0.04973958333333333
4 0.3707142857142857 0.3138020833333333 0.14464285714285716 0.05546875
13 0.21892857142857142 0.5046875 0.1982142857142857 0.058333333333333334
21 0.5192857142857142 0.5963541666666666 0.1325 0.07109375