12 0.7335714285714285 0.6002604166666666 0.1417857142857143 0.04453125
4 0.7789285714285714 0.41796875 0.11571428571428571 0.07526041666666666
9 0.2725 0.5916666666666667 0.21464285714285714 0.11041666666666666
23 0.3275 0.4278645833333333 0.11428571428571428 0.06744791666666666
7 0.6396428571428572 0.64609375 0.11928571428571429 0.08177083333333333
12 0.8371428571428572 0.6466145833333333 0.14535714285714285 0.07682291666666667
16 0.6160714285714286 0.43125 0.06035714285714286 0.0453125
23 0.43 0.42942708333333335 0.08535714285714285 0.05807291666666667
7 0.49785714285714283 0.6231770833333333 0.13178571428571428 0.08567708333333333
22 0.7825 0.22994791666666667 0.295 0.1078125
16 0.5239285714285714 0.43776041666666665 0.07607142857142857 0.045572916666666664
13 0.4903571428571429 0.2604166666666667 0.21714285714285714 0.032552083333333336