4 0.5064285714285715 0.5651041666666666 0.21892857142857142 0.06692708333333333
8 0.7210714285714286 0.43671875 0.19678571428571429 0.07447916666666667
20 0.2357142857142857 0.40390625 0.1767857142857143 0.06875
12 0.7685714285714286 0.62421875 0.09357142857142857 0.06328125
23 0.11857142857142858 0.640625 0.08678571428571429 0.07213541666666666
6 0.5014285714285714 0.22473958333333333 0.1707142857142857 0.09375
23 0.25642857142857145 0.6328125 0.09285714285714286 0.0578125
14 0.2567857142857143 0.5625 0.1692857142857143 0.08984375
10 0.4392857142857143 0.4041666666666667 0.23964285714285713 0.11432291666666666
16 0.6046428571428571 0.6354166666666666 0.1357142857142857 0.05755208333333333
13 0.7375 0.25 0.08214285714285714 0.051041666666666666