3 0.5392857142857143 0.44088541666666664 0.24892857142857142 0.08671875
8 0.7535714285714286 0.6203125 0.10535714285714286 0.06145833333333333
14 0.5482142857142858 0.6765625 0.13214285714285715 0.05286458333333333
15 0.215 0.6856770833333333 0.12107142857142857 0.07369791666666667
11 0.8146428571428571 0.7002604166666667 0.24071428571428571 0.078125
6 0.6471428571428571 0.2682291666666667 0.13892857142857143 0.09765625
23 0.14785714285714285 0.29401041666666666 0.1767857142857143 0.09140625
18 0.8242857142857143 0.3138020833333333 0.2225 0.05286458333333333
21 0.41892857142857143 0.5927083333333333 0.16035714285714286 0.07916666666666666
9 0.8089285714285714 0.4401041666666667 0.18714285714285714 0.08932291666666667
13 0.2625 0.48671875 0.19678571428571429 0.07213541666666666
20 0.435 0.3015625 0.12821428571428573 0.07161458333333333
4 0.6614285714285715 0.49713541666666666 0.21392857142857144 0.08776041666666666