3 0.6217857142857143 0.6002604166666666 0.21142857142857144 0.09505208333333333
12 0.2075 0.49921875 0.23142857142857143 0.06197916666666667
11 0.2935714285714286 0.6864583333333333 0.22785714285714287 0.08229166666666667
14 0.6039285714285715 0.51171875 0.10678571428571429 0.046614583333333334
15 0.5460714285714285 0.68515625 0.15107142857142858 0.05859375
6 0.44607142857142856 0.44947916666666665 0.13714285714285715 0.0890625
8 0.7607142857142857 0.32317708333333334 0.15035714285714286 0.04635416666666667
7 0.7492857142857143 0.47239583333333335 0.11714285714285715 0.06536458333333334
18 0.16392857142857142 0.31927083333333334 0.23392857142857143 0.05416666666666667
23 0.19178571428571428 0.6046875 0.12964285714285714 0.07213541666666666
9 0.4282142857142857 0.5901041666666667 0.15821428571428572 0.07864583333333333
4 0.375 0.30963541666666666 0.15821428571428572 0.05