3 0.16214285714285714 0.32395833333333335 0.3242857142857143 0.09635416666666667
15 0.23607142857142857 0.3958333333333333 0.27214285714285713 0.05182291666666667
23 0.49392857142857144 0.3697916666666667 0.20607142857142857 0.08411458333333334
21 0.7889285714285714 0.36432291666666666 0.16107142857142856 0.10338541666666666
13 0.2867857142857143 0.55234375 0.20214285714285715 0.05234375
14 0.24928571428571428 0.6096354166666667 0.16642857142857143 0.057291666666666664
11 0.6053571428571428 0.53359375 0.21071428571428572 0.09401041666666667
12 0.8257142857142857 0.5877604166666667 0.235 0.10104166666666667
7 0.14214285714285715 0.7986979166666667 0.16357142857142856 0.08776041666666666
18 0.39071428571428574 0.7671875 0.21142857142857144 0.07526041666666666
6 0.6282142857142857 0.7125 0.14392857142857143 0.109375
9 0.8521428571428571 0.790625 0.24107142857142858 0.1515625