8 0.6292857142857143 0.6533854166666667 0.13214285714285715 0.0921875
22 0.7671428571428571 0.21614583333333334 0.2960714285714286 0.17317708333333334
12 0.5385714285714286 0.6549479166666666 0.13964285714285715 0.07109375
13 0.24071428571428571 0.27265625 0.19857142857142857 0.04010416666666667
23 0.2525 0.6309895833333333 0.17464285714285716 0.08515625
16 0.5992857142857143 0.46432291666666664 0.07428571428571429 0.0546875
7 0.8796428571428572 0.44114583333333335 0.15392857142857144 0.10286458333333333
15 0.41464285714285715 0.665625 0.16964285714285715 0.046614583333333334
4 0.73 0.62109375 0.24285714285714285 0.07239583333333334
9 0.5478571428571428 0.4114583333333333 0.18714285714285714 0.10494791666666667
9 0.35964285714285715 0.43385416666666665 0.13357142857142856 0.07213541666666666