11 0.35928571428571426 0.6875 0.21428571428571427 0.08229166666666667
23 0.7539285714285714 0.503125 0.18714285714285714 0.08046875
3 0.6946428571428571 0.29973958333333334 0.24285714285714285 0.11145833333333334
21 0.5221428571428571 0.5927083333333333 0.1425 0.07447916666666667
16 0.7610714285714286 0.62578125 0.15428571428571428 0.07109375
7 0.21678571428571428 0.31015625 0.17142857142857143 0.058333333333333334
9 0.22178571428571428 0.6020833333333333 0.17035714285714285 0.08671875
15 0.33964285714285714 0.5057291666666667 0.11535714285714285 0.0703125
4 0.37 0.31276041666666665 0.14392857142857143 0.06067708333333333
8 0.5485714285714286 0.4791666666666667 0.08214285714285714 0.037760416666666664
13 0.6521428571428571 0.6869791666666667 0.19428571428571428 0.06458333333333334