11 0.8457142857142858 0.6921875 0.225 0.1125
12 0.5810714285714286 0.7231770833333333 0.24392857142857144 0.06484375
15 0.6489285714285714 0.4791666666666667 0.15892857142857142 0.07265625
23 0.2717857142857143 0.6888020833333334 0.20107142857142857 0.0765625
9 0.4853571428571429 0.4903645833333333 0.15142857142857144 0.07890625
16 0.7821428571428571 0.49713541666666666 0.13178571428571428 0.04791666666666667
24 0.265 0.6197916666666666 0.24964285714285714 0.12395833333333334
4 0.8014285714285714 0.63671875 0.20785714285714285 0.13072916666666667
10 0.17892857142857144 0.47421875 0.10607142857142857 0.09114583333333333
6 0.37892857142857145 0.46536458333333336 0.18357142857142858 0.09036458333333333
4 0.5310714285714285 0.6690104166666667 0.18142857142857144 0.059375