3 0.16464285714285715 0.34348958333333335 0.31464285714285717 0.12864583333333332
23 0.48964285714285716 0.37005208333333334 0.20392857142857143 0.0796875
21 0.7903571428571429 0.36015625 0.15785714285714286 0.09947916666666666
14 0.08642857142857142 0.6033854166666667 0.15857142857142856 0.06979166666666667
13 0.2775 0.5583333333333333 0.21 0.04453125
11 0.5717857142857142 0.53984375 0.25642857142857145 0.1015625
12 0.8225 0.590625 0.2417857142857143 0.09895833333333333
7 0.13535714285714287 0.7942708333333334 0.15035714285714286 0.08463541666666667
18 0.38857142857142857 0.7635416666666667 0.2 0.07473958333333333
6 0.6328571428571429 0.7127604166666667 0.14 0.08515625
15 0.5046428571428572 0.82265625 0.22107142857142856 0.071875
9 0.8585714285714285 0.7861979166666667 0.22785714285714287 0.1328125