9 0.5742857142857143 0.22942708333333334 0.21857142857142858 0.12369791666666667
14 0.11785714285714285 0.76640625 0.17 0.06484375
3 0.7617857142857143 0.6567708333333333 0.33 0.14192708333333334
13 0.43714285714285717 0.7471354166666667 0.23535714285714285 0.09348958333333333
21 0.5285714285714286 0.47734375 0.22285714285714286 0.0703125
12 0.17464285714285716 0.6658854166666667 0.29964285714285716 0.08619791666666667
15 0.21642857142857144 0.50625 0.295 0.08177083333333333
7 0.12142857142857143 0.26927083333333335 0.21535714285714286 0.0703125
6 0.7828571428571428 0.4359375 0.20285714285714285 0.1125
20 0.8885714285714286 0.5044270833333333 0.1692857142857143 0.084375
4 0.8253571428571429 0.22630208333333332 0.20285714285714285 0.1390625