13 0.4732142857142857 0.30026041666666664 0.2125 0.050520833333333334
22 0.8128571428571428 0.44036458333333334 0.23642857142857143 0.12864583333333332
16 0.2864285714285714 0.4825520833333333 0.06928571428571428 0.04401041666666667
16 0.16392857142857142 0.4859375 0.07607142857142857 0.050520833333333334
23 0.31357142857142856 0.45807291666666666 0.10214285714285715 0.06666666666666667
23 0.40785714285714286 0.46380208333333334 0.0825 0.05520833333333333
9 0.51 0.6005208333333333 0.19535714285714287 0.09765625
7 0.37214285714285716 0.66328125 0.10214285714285715 0.09270833333333334
7 0.25392857142857145 0.64609375 0.11285714285714285 0.08802083333333334
12 0.6696428571428571 0.68203125 0.24535714285714286 0.04244791666666667
8 0.8235714285714286 0.66484375 0.14107142857142857 0.08619791666666667