22 0.8410714285714286 0.42239583333333336 0.24071428571428571 0.13515625
23 0.31357142857142856 0.44427083333333334 0.11071428571428571 0.07161458333333333
23 0.4210714285714286 0.44192708333333336 0.07821428571428571 0.06666666666666667
16 0.5035714285714286 0.4557291666666667 0.065 0.052083333333333336
16 0.5728571428571428 0.45260416666666664 0.060714285714285714 0.04895833333333333
13 0.49142857142857144 0.27005208333333336 0.22357142857142856 0.052083333333333336
9 0.25821428571428573 0.6111979166666667 0.20392857142857143 0.11223958333333334
7 0.4925 0.6453125 0.13464285714285715 0.08958333333333333
7 0.6357142857142857 0.6682291666666667 0.12142857142857143 0.08619791666666667
12 0.7389285714285714 0.62421875 0.14964285714285713 0.047135416666666666
12 0.8410714285714286 0.6640625 0.14964285714285713 0.08151041666666667