12 0.09178571428571429 0.4825520833333333 0.14607142857142857 0.096875
3 0.6214285714285714 0.5979166666666667 0.21071428571428572 0.09505208333333333
15 0.5460714285714285 0.6880208333333333 0.1467857142857143 0.05651041666666667
11 0.28964285714285715 0.6859375 0.23 0.07994791666666666
14 0.6171428571428571 0.5098958333333333 0.12892857142857142 0.044270833333333336
6 0.2575 0.44375 0.145 0.08619791666666667
18 0.15892857142857142 0.32005208333333335 0.22785714285714287 0.054947916666666666
23 0.18821428571428572 0.6041666666666666 0.13142857142857142 0.07239583333333334
7 0.6392857142857142 0.4588541666666667 0.12178571428571429 0.06145833333333333
9 0.42142857142857143 0.5919270833333333 0.15857142857142856 0.08072916666666667
4 0.3692857142857143 0.3072916666666667 0.14464285714285716 0.05
21 0.56 0.31276041666666665 0.22857142857142856 0.05364583333333333
20 0.42892857142857144 0.478125 0.13607142857142857 0.06145833333333333
8 0.7653571428571428 0.3296875 0.19535714285714287 0.036458333333333336