8 0.225 0.44166666666666665 0.28285714285714286 0.08020833333333334
21 0.7528571428571429 0.6606770833333333 0.2807142857142857 0.06588541666666667
3 0.47964285714285715 0.2557291666666667 0.3167857142857143 0.1
9 0.7903571428571429 0.2598958333333333 0.2 0.10442708333333334
12 0.8139285714285714 0.4708333333333333 0.2507142857142857 0.0484375
10 0.4625 0.634375 0.17607142857142857 0.07864583333333333
14 0.7532142857142857 0.5760416666666667 0.14642857142857144 0.0796875
6 0.1982142857142857 0.25364583333333335 0.18535714285714286 0.09401041666666667
4 0.31607142857142856 0.5799479166666667 0.21 0.0640625
16 0.3989285714285714 0.4471354166666667 0.1275 0.05130208333333333
23 0.5435714285714286 0.5919270833333333 0.12035714285714286 0.050520833333333334
20 0.21857142857142858 0.640625 0.19107142857142856 0.08515625
15 0.5985714285714285 0.4510416666666667 0.19892857142857143 0.03619791666666667