6 0.8178571428571428 0.59921875 0.17392857142857143 0.11328125
4 0.2710714285714286 0.56875 0.23 0.07083333333333333
12 0.7114285714285714 0.6583333333333333 0.22321428571428573 0.04375
8 0.5253571428571429 0.43255208333333334 0.285 0.0609375
20 0.25392857142857145 0.4239583333333333 0.18535714285714286 0.07109375
14 0.4564285714285714 0.24921875 0.15321428571428572 0.07526041666666666
10 0.40285714285714286 0.5997395833333333 0.1757142857142857 0.08984375
13 0.7246428571428571 0.42265625 0.07464285714285715 0.07083333333333333
23 0.7475 0.2643229166666667 0.07357142857142857 0.042708333333333334
23 0.6353571428571428 0.26067708333333334 0.0775 0.04401041666666667
16 0.5928571428571429 0.6309895833333333 0.1325 0.054427083333333334