9 0.2007142857142857 0.6270833333333333 0.18285714285714286 0.1015625
14 0.2175 0.3255208333333333 0.15714285714285714 0.03958333333333333
3 0.5364285714285715 0.4432291666666667 0.25357142857142856 0.08671875
15 0.5082142857142857 0.5106770833333333 0.12 0.06354166666666666
11 0.8107142857142857 0.7015625 0.2392857142857143 0.078125
18 0.8178571428571428 0.31640625 0.22142857142857142 0.05416666666666667
6 0.6439285714285714 0.27369791666666665 0.13535714285714287 0.09739583333333333
12 0.425 0.6807291666666667 0.165 0.0875
12 0.3717857142857143 0.6734375 0.05678571428571429 0.07395833333333333
13 0.26142857142857145 0.49166666666666664 0.16535714285714287 0.06484375
4 0.8114285714285714 0.5104166666666666 0.23392857142857143 0.06458333333333334
7 0.36178571428571427 0.30625 0.12892857142857142 0.06588541666666667
21 0.5125 0.30885416666666665 0.1432142857142857 0.05651041666666667
21 0.5025 0.5966145833333333 0.1632142857142857 0.06692708333333333
8 0.6610714285714285 0.6393229166666666 0.07357142857142857 0.07239583333333334