22 0.675 0.21328125 0.2735714285714286 0.15963541666666667
9 0.5696428571428571 0.39869791666666665 0.18428571428571427 0.10416666666666667
13 0.30607142857142855 0.43776041666666665 0.24321428571428572 0.078125
16 0.7910714285714285 0.446875 0.115 0.05364583333333333
7 0.26357142857142857 0.5809895833333333 0.18 0.078125
15 0.2725 0.6453125 0.10214285714285715 0.0375
15 0.35928571428571426 0.646875 0.09321428571428571 0.0375
8 0.5457142857142857 0.6518229166666667 0.22785714285714287 0.05703125
12 0.5978571428571429 0.6380208333333334 0.17142857142857143 0.06510416666666667
9 0.8342857142857143 0.6494791666666667 0.14107142857142857 0.08463541666666667
23 0.5653571428571429 0.7356770833333334 0.08035714285714286 0.06197916666666667
23 0.6414285714285715 0.7372395833333333 0.06714285714285714 0.05520833333333333
23 0.7921428571428571 0.7276041666666667 0.08678571428571429 0.04244791666666667