23 0.8539285714285715 0.45651041666666664 0.1525 0.06536458333333334
0 0.23142857142857143 0.6046875 0.17357142857142857 0.08802083333333334
9 0.7271428571428571 0.5830729166666667 0.15 0.10625
6 0.40714285714285714 0.2565104166666667 0.16428571428571428 0.090625
15 0.31892857142857145 0.43255208333333334 0.18392857142857144 0.054947916666666666
10 0.6657142857142857 0.4122395833333333 0.15678571428571428 0.07552083333333333
8 0.5621428571428572 0.28541666666666665 0.19535714285714287 0.049479166666666664
16 0.5607142857142857 0.45390625 0.18535714285714286 0.061197916666666664
14 0.3917857142857143 0.6479166666666667 0.17392857142857143 0.09895833333333333
7 0.14964285714285713 0.44583333333333336 0.165 0.09427083333333333
12 0.37535714285714283 0.5924479166666666 0.12142857142857143 0.052083333333333336
21 0.5557142857142857 0.60625 0.1432142857142857 0.06015625