9 0.14892857142857144 0.6333333333333333 0.1992857142857143 0.10807291666666667
3 0.4882142857142857 0.44244791666666666 0.24892857142857142 0.09375
14 0.17892857142857144 0.32083333333333336 0.14964285714285713 0.04791666666666667
11 0.7621428571428571 0.6958333333333333 0.235 0.08046875
12 0.3892857142857143 0.678125 0.16892857142857143 0.09348958333333333
6 0.6775 0.2794270833333333 0.15821428571428572 0.11458333333333333
7 0.38392857142857145 0.30416666666666664 0.13642857142857143 0.058333333333333334
8 0.6239285714285714 0.6421875 0.07678571428571429 0.07265625
13 0.21928571428571428 0.49192708333333335 0.17714285714285713 0.06796875
4 0.7657142857142857 0.5015625 0.20892857142857144 0.06458333333333334
4 0.46535714285714286 0.5947916666666667 0.18035714285714285 0.08046875