3 0.37785714285714284 0.30078125 0.21464285714285714 0.08828125
7 0.23785714285714285 0.3338541666666667 0.15785714285714286 0.05182291666666667
20 0.5346428571428572 0.32890625 0.15357142857142858 0.07473958333333333
18 0.7739285714285714 0.34791666666666665 0.2542857142857143 0.054947916666666666
6 0.3675 0.46510416666666665 0.12464285714285714 0.08411458333333334
14 0.2775 0.5302083333333333 0.13392857142857142 0.04505208333333333
8 0.5646428571428571 0.49557291666666664 0.11535714285714285 0.04375
23 0.7610714285714286 0.5166666666666667 0.17821428571428571 0.07317708333333334
9 0.26821428571428574 0.6609375 0.16071428571428573 0.09817708333333333
21 0.49785714285714283 0.6088541666666667 0.1525 0.07942708333333333
12 0.7685714285714286 0.6763020833333333 0.16 0.07395833333333333
11 0.5182142857142857 0.6950520833333333 0.22178571428571428 0.0796875