22 0.5489285714285714 0.56484375 0.21714285714285714 0.11380208333333333
8 0.3407142857142857 0.6315104166666666 0.18678571428571428 0.07161458333333333
9 0.2332142857142857 0.5778645833333333 0.1325 0.06510416666666667
15 0.79 0.6151041666666667 0.20392857142857143 0.09114583333333333
23 0.6446428571428572 0.4361979166666667 0.0825 0.05520833333333333
23 0.5632142857142857 0.4354166666666667 0.07607142857142857 0.06015625
16 0.3407142857142857 0.44114583333333335 0.06928571428571428 0.052083333333333336
16 0.4025 0.43697916666666664 0.05 0.05703125
16 0.4589285714285714 0.43385416666666665 0.05857142857142857 0.050520833333333334
12 0.3007142857142857 0.41901041666666666 0.22357142857142856 0.040625
13 0.31142857142857144 0.26276041666666666 0.14535714285714285 0.050520833333333334