24 0.5742857142857143 0.53984375 0.2542857142857143 0.15989583333333332
11 0.3632142857142857 0.5877604166666667 0.2425 0.11927083333333334
23 0.17892857142857144 0.5927083333333333 0.16 0.10963541666666667
20 0.23142857142857143 0.39557291666666666 0.11571428571428571 0.07682291666666667
21 0.34464285714285714 0.40546875 0.11464285714285714 0.07682291666666667
16 0.5032142857142857 0.41692708333333334 0.07964285714285714 0.05078125
16 0.5964285714285714 0.4140625 0.07107142857142858 0.05
12 0.7992857142857143 0.4075520833333333 0.21642857142857144 0.06640625
5 0.195 0.22994791666666667 0.15357142857142858 0.06302083333333333
14 0.7335714285714285 0.56328125 0.0525 0.08020833333333334
15 0.8125 0.58046875 0.08607142857142858 0.09479166666666666