24 0.7735714285714286 0.5458333333333333 0.26821428571428574 0.14401041666666667
4 0.18892857142857142 0.18020833333333333 0.22785714285714287 0.1609375
23 0.5914285714285714 0.3984375 0.21142857142857144 0.09296875
5 0.6467857142857143 0.23333333333333334 0.16607142857142856 0.06458333333333334
14 0.3575 0.5973958333333333 0.09821428571428571 0.10078125
11 0.8171428571428572 0.4015625 0.24928571428571428 0.08046875
21 0.16071428571428573 0.5955729166666667 0.16464285714285715 0.09921875
12 0.15857142857142856 0.4203125 0.13071428571428573 0.061197916666666664
6 0.8078571428571428 0.21276041666666667 0.18285714285714286 0.10885416666666667
20 0.44821428571428573 0.5997395833333333 0.08892857142857143 0.0765625
4 0.40464285714285714 0.39140625 0.17142857142857143 0.10911458333333333