12 0.49607142857142855 0.6799479166666667 0.165 0.06822916666666666
5 0.6725 0.46458333333333335 0.12857142857142856 0.07526041666666666
15 0.8303571428571429 0.4744791666666667 0.19214285714285714 0.0609375
23 0.23214285714285715 0.315625 0.2867857142857143 0.05677083333333333
21 0.47464285714285714 0.4627604166666667 0.14 0.06276041666666667
14 0.4060714285714286 0.4583333333333333 0.06892857142857142 0.09192708333333334
16 0.3067857142857143 0.4869791666666667 0.13178571428571428 0.05260416666666667
24 0.6839285714285714 0.6125 0.23357142857142857 0.13515625
20 0.6710714285714285 0.6875 0.07785714285714286 0.05625
20 0.7617857142857143 0.6924479166666667 0.065 0.05364583333333333
11 0.7139285714285715 0.3190104166666667 0.2864285714285714 0.052083333333333336