12 0.20535714285714285 0.49453125 0.2325 0.06458333333333334
7 0.7392857142857143 0.46953125 0.11892857142857143 0.06458333333333334
3 0.6282142857142857 0.5973958333333333 0.20857142857142857 0.09088541666666666
23 0.19357142857142856 0.6072916666666667 0.12892857142857142 0.07291666666666667
18 0.1632142857142857 0.31875 0.2332142857142857 0.06015625
6 0.44535714285714284 0.4473958333333333 0.13642857142857143 0.08567708333333333
4 0.37107142857142855 0.30911458333333336 0.15785714285714286 0.07317708333333334
11 0.2885714285714286 0.68828125 0.225 0.07942708333333333
15 0.5496428571428571 0.6872395833333333 0.14821428571428572 0.05651041666666667
8 0.7592857142857142 0.3223958333333333 0.14964285714285713 0.05260416666666667
9 0.42607142857142855 0.590625 0.15535714285714286 0.07630208333333334
14 0.605 0.5177083333333333 0.12357142857142857 0.05182291666666667