9 0.2257142857142857 0.5966145833333333 0.15071428571428572 0.08619791666666667
12 0.7482142857142857 0.6263020833333334 0.16785714285714284 0.06614583333333333
7 0.21571428571428572 0.32057291666666665 0.1725 0.05416666666666667
11 0.4521428571428571 0.68984375 0.21785714285714286 0.07630208333333334
23 0.7492857142857143 0.5078125 0.18785714285714286 0.07265625
3 0.6935714285714286 0.2981770833333333 0.24642857142857144 0.10911458333333333
8 0.6035714285714285 0.49114583333333334 0.09071428571428572 0.04401041666666667
20 0.41964285714285715 0.46458333333333335 0.1992857142857143 0.049479166666666664
13 0.21964285714285714 0.503125 0.20964285714285713 0.05234375
4 0.4232142857142857 0.32109375 0.1467857142857143 0.05234375
21 0.5239285714285714 0.5989583333333334 0.13857142857142857 0.071875