6 0.47964285714285715 0.26953125 0.17607142857142857 0.0953125
12 0.8010714285714285 0.4778645833333333 0.13107142857142856 0.0484375
14 0.24535714285714286 0.6052083333333333 0.16535714285714287 0.08645833333333333
4 0.4303571428571429 0.4440104166666667 0.2507142857142857 0.07291666666666667
8 0.6510714285714285 0.47291666666666665 0.20392857142857143 0.0578125
20 0.18142857142857144 0.4546875 0.2032142857142857 0.078125
10 0.3942857142857143 0.6471354166666666 0.19035714285714286 0.08802083333333334
23 0.7932142857142858 0.6708333333333333 0.16428571428571428 0.06197916666666667
16 0.6207142857142857 0.671875 0.07142857142857142 0.05625
16 0.5482142857142858 0.66796875 0.07107142857142858 0.05963541666666667
13 0.7128571428571429 0.29296875 0.07607142857142857 0.045572916666666664