3 0.6214285714285714 0.596875 0.20785714285714285 0.09635416666666667
9 0.4210714285714286 0.5919270833333333 0.15285714285714286 0.07786458333333333
14 0.81 0.5138020833333333 0.12178571428571429 0.04973958333333333
12 0.08857142857142856 0.4786458333333333 0.1325 0.0953125
11 0.2882142857142857 0.6877604166666667 0.23214285714285715 0.07630208333333334
15 0.5475 0.6848958333333334 0.14035714285714285 0.0546875
8 0.8121428571428572 0.32890625 0.10321428571428572 0.0421875
23 0.18821428571428572 0.6046875 0.13071428571428573 0.071875
7 0.6407142857142857 0.4578125 0.12 0.05651041666666667
6 0.26 0.44088541666666664 0.14464285714285716 0.084375
20 0.4325 0.47630208333333335 0.1325 0.05703125
21 0.5725 0.3140625 0.23714285714285716 0.05859375
18 0.16214285714285714 0.31796875 0.23607142857142857 0.053125
4 0.3707142857142857 0.30572916666666666 0.15214285714285714 0.061197916666666664