3 0.15464285714285714 0.33125 0.2892857142857143 0.09453125
15 0.23214285714285715 0.39401041666666664 0.2557142857142857 0.04296875
23 0.4878571428571429 0.37161458333333336 0.2 0.07395833333333333
21 0.7885714285714286 0.36223958333333334 0.15857142857142856 0.09453125
13 0.285 0.5559895833333334 0.20035714285714284 0.04088541666666667
14 0.2425 0.6044270833333333 0.14357142857142857 0.04348958333333333
11 0.6021428571428571 0.5322916666666667 0.2425 0.1
12 0.8307142857142857 0.5916666666666667 0.21821428571428572 0.09817708333333333
7 0.13428571428571429 0.796875 0.15785714285714286 0.07838541666666667
18 0.3925 0.76875 0.20785714285714285 0.07916666666666666
6 0.6317857142857143 0.7140625 0.14142857142857143 0.10442708333333334
9 0.86 0.7869791666666667 0.20357142857142857 0.1203125