24 0.7475 0.6518229166666667 0.21928571428571428 0.13515625
15 0.5382142857142858 0.5192708333333333 0.1475 0.05859375
16 0.6671428571428571 0.525 0.09321428571428571 0.04401041666666667
12 0.8496428571428571 0.5453125 0.21928571428571428 0.045572916666666664
10 0.8682142857142857 0.72109375 0.09535714285714286 0.1171875
1 0.4014285714285714 0.7153645833333333 0.13464285714285715 0.10260416666666666
11 0.3385714285714286 0.4979166666666667 0.18214285714285713 0.10104166666666667
9 0.18321428571428572 0.334375 0.16714285714285715 0.0765625
23 0.5285714285714286 0.35390625 0.20607142857142857 0.047135416666666666
6 0.155 0.49166666666666664 0.20607142857142857 0.12369791666666667
5 0.18214285714285713 0.7291666666666666 0.165 0.08802083333333334