15 0.6528571428571428 0.45703125 0.15571428571428572 0.07109375
11 0.8492857142857143 0.6677083333333333 0.21607142857142858 0.1140625
16 0.7946428571428571 0.4752604166666667 0.15 0.04479166666666667
23 0.4325 0.6768229166666667 0.1925 0.08489583333333334
24 0.2692857142857143 0.60390625 0.25035714285714283 0.13776041666666666
4 0.8025 0.6046875 0.21535714285714286 0.09973958333333334
9 0.6767857142857143 0.6669270833333333 0.14964285714285713 0.08463541666666667
10 0.18535714285714286 0.45546875 0.10535714285714286 0.08541666666666667
6 0.3939285714285714 0.4432291666666667 0.20392857142857143 0.09166666666666666
4 0.5564285714285714 0.6427083333333333 0.14642857142857144 0.06015625
12 0.19 0.3026041666666667 0.21928571428571428 0.029166666666666667