21 0.4514285714285714 0.6119791666666666 0.17785714285714285 0.06822916666666666
5 0.65 0.6356770833333333 0.15857142857142856 0.10911458333333333
6 0.8071428571428572 0.22708333333333333 0.24321428571428572 0.12213541666666666
9 0.1367857142857143 0.2604166666666667 0.19964285714285715 0.06822916666666666
15 0.40464285714285714 0.271875 0.18428571428571427 0.0390625
16 0.22464285714285714 0.4427083333333333 0.115 0.05520833333333333
14 0.12678571428571428 0.4231770833333333 0.08464285714285714 0.10104166666666667
23 0.5914285714285714 0.44036458333333334 0.22357142857142856 0.09921875
11 0.8410714285714286 0.42473958333333334 0.2714285714285714 0.08802083333333334
24 0.7921428571428571 0.58828125 0.3082142857142857 0.14479166666666668
20 0.19321428571428573 0.665625 0.1692857142857143 0.10104166666666667
12 0.36357142857142855 0.6682291666666667 0.18428571428571427 0.08307291666666666