23 0.19714285714285715 0.25885416666666666 0.2382142857142857 0.06588541666666667
14 0.1425 0.40572916666666664 0.1 0.09348958333333333
12 0.35964285714285715 0.4200520833333333 0.1382142857142857 0.05651041666666667
16 0.5514285714285714 0.43645833333333334 0.07464285714285715 0.04869791666666667
16 0.6235714285714286 0.4278645833333333 0.060714285714285714 0.047135416666666666
20 0.8707142857142857 0.4473958333333333 0.1957142857142857 0.06432291666666666
4 0.18428571428571427 0.5984375 0.225 0.15677083333333333
4 0.8407142857142857 0.6265625 0.18035714285714285 0.08645833333333333
15 0.48392857142857143 0.63828125 0.14857142857142858 0.0734375
9 0.48 0.5625 0.12 0.06614583333333333
6 0.31357142857142856 0.5453125 0.125 0.08802083333333334