7 0.44285714285714284 0.62265625 0.16107142857142856 0.09166666666666666
8 0.6664285714285715 0.475 0.22214285714285714 0.0453125
22 0.77 0.22239583333333332 0.29 0.1765625
12 0.785 0.6802083333333333 0.2092857142857143 0.05260416666666667
13 0.24892857142857142 0.28463541666666664 0.20464285714285715 0.04114583333333333
16 0.5917857142857142 0.6736979166666667 0.11357142857142857 0.059375
15 0.1982142857142857 0.6703125 0.1757142857142857 0.054947916666666666
4 0.7317857142857143 0.6294270833333333 0.24821428571428572 0.055989583333333336
23 0.38642857142857145 0.45390625 0.08285714285714285 0.05911458333333333
23 0.2960714285714286 0.45677083333333335 0.10178571428571428 0.06744791666666666
9 0.5475 0.41822916666666665 0.18892857142857142 0.09140625
9 0.8610714285714286 0.4583333333333333 0.15285714285714286 0.0703125