14 0.6028571428571429 0.51171875 0.11107142857142857 0.04479166666666667
9 0.4257142857142857 0.5919270833333333 0.15357142857142858 0.07942708333333333
3 0.6221428571428571 0.59921875 0.2075 0.09088541666666666
7 0.745 0.47291666666666665 0.11357142857142857 0.06432291666666666
6 0.4467857142857143 0.45 0.135 0.08697916666666666
11 0.2907142857142857 0.6854166666666667 0.2317857142857143 0.07682291666666667
15 0.5478571428571428 0.6854166666666667 0.14107142857142857 0.05546875
12 0.2075 0.4979166666666667 0.22857142857142856 0.05703125
8 0.7639285714285714 0.32447916666666665 0.14785714285714285 0.044270833333333336
3 0.9842857142857143 0.9325520833333333 0.03142857142857143 0.13489583333333333
4 0.37714285714285717 0.30911458333333336 0.17035714285714285 0.061197916666666664
18 0.1717857142857143 0.31875 0.22964285714285715 0.055989583333333336
23 0.18071428571428572 0.6026041666666667 0.135 0.07291666666666667