3 0.6796428571428571 0.6018229166666667 0.18928571428571428 0.10078125
14 0.8121428571428572 0.5151041666666667 0.12571428571428572 0.053125
11 0.2332142857142857 0.5049479166666667 0.22214285714285714 0.06692708333333333
12 0.1982142857142857 0.6208333333333333 0.21214285714285713 0.06640625
18 0.15892857142857142 0.31979166666666664 0.23035714285714284 0.055989583333333336
6 0.3921428571428571 0.44166666666666665 0.16178571428571428 0.08515625
15 0.2625 0.6885416666666667 0.07892857142857143 0.0578125
15 0.3410714285714286 0.6658854166666667 0.07857142857142857 0.053385416666666664
4 0.3725 0.3078125 0.14142857142857143 0.04895833333333333
21 0.5539285714285714 0.31171875 0.24 0.06640625
13 0.6 0.6747395833333333 0.18642857142857142 0.0734375