3 0.7610714285714286 0.6778645833333333 0.3367857142857143 0.14869791666666668
9 0.575 0.23177083333333334 0.21892857142857142 0.128125
21 0.5285714285714286 0.49583333333333335 0.23035714285714284 0.07447916666666667
13 0.4357142857142857 0.7666666666666667 0.2425 0.09401041666666667
7 0.11678571428571428 0.26927083333333335 0.22392857142857142 0.07161458333333333
14 0.10285714285714286 0.7864583333333334 0.18107142857142858 0.06510416666666667
6 0.7882142857142858 0.4473958333333333 0.21142857142857144 0.11484375
15 0.2082142857142857 0.5169270833333334 0.3082142857142857 0.084375
15 0.2425 0.5317708333333333 0.21607142857142858 0.06927083333333334
12 0.16464285714285715 0.684375 0.3067857142857143 0.08854166666666667
4 0.8378571428571429 0.23359375 0.21642857142857144 0.12890625
20 0.9021428571428571 0.5169270833333334 0.1957142857142857 0.0953125