22 0.49 0.4005208333333333 0.2417857142857143 0.11484375
23 0.5464285714285714 0.7630208333333334 0.07928571428571428 0.06380208333333333
23 0.6225 0.7625 0.07678571428571429 0.05651041666666667
9 0.8396428571428571 0.6645833333333333 0.15035714285714286 0.08645833333333333
7 0.22428571428571428 0.5958333333333333 0.18678571428571428 0.08385416666666666
12 0.5671428571428572 0.6598958333333333 0.19142857142857142 0.0671875
23 0.7878571428571428 0.7552083333333334 0.09142857142857143 0.044270833333333336
13 0.7407142857142858 0.4197916666666667 0.22321428571428573 0.06901041666666667
4 0.7142857142857143 0.6197916666666666 0.21035714285714285 0.07005208333333333
15 0.27214285714285713 0.66328125 0.17857142857142858 0.04140625
16 0.7882142857142858 0.45338541666666665 0.15071428571428572 0.059375
9 0.2596428571428571 0.4041666666666667 0.22357142857142856 0.11744791666666667
8 0.535 0.6721354166666667 0.22785714285714287 0.06197916666666667