9 0.555 0.23229166666666667 0.20535714285714285 0.12083333333333333
20 0.8510714285714286 0.48932291666666666 0.19107142857142856 0.08489583333333334
3 0.7375 0.64140625 0.3125 0.1359375
13 0.4342857142857143 0.7309895833333333 0.22678571428571428 0.08854166666666667
7 0.13357142857142856 0.26666666666666666 0.20392857142857143 0.06536458333333334
14 0.12035714285714286 0.7466145833333333 0.16035714285714286 0.059375
12 0.17214285714285715 0.6510416666666666 0.2867857142857143 0.084375
15 0.21107142857142858 0.49973958333333335 0.28035714285714286 0.07942708333333333
21 0.5142857142857142 0.4708333333333333 0.21357142857142858 0.065625
4 0.7978571428571428 0.22421875 0.21 0.13776041666666666
6 0.7517857142857143 0.4421875 0.2007142857142857 0.09869791666666666