21 0.5567857142857143 0.4010416666666667 0.16214285714285714 0.053385416666666664
16 0.3525 0.4234375 0.06821428571428571 0.05364583333333333
15 0.8289285714285715 0.43046875 0.2367857142857143 0.07057291666666667
23 0.2710714285714286 0.5708333333333333 0.15035714285714286 0.0703125
16 0.22857142857142856 0.42578125 0.135 0.06432291666666666
12 0.7571428571428571 0.5713541666666667 0.1657142857142857 0.053125
0 0.35035714285714287 0.24817708333333333 0.3360714285714286 0.05911458333333333
7 0.4657142857142857 0.58828125 0.16535714285714287 0.07317708333333334
8 0.5085714285714286 0.4317708333333333 0.24142857142857144 0.05625
10 0.7425 0.2375 0.3107142857142857 0.0703125
20 0.7507142857142857 0.6177083333333333 0.21964285714285714 0.08802083333333334