21 0.6314285714285715 0.6901041666666666 0.09535714285714286 0.05520833333333333
21 0.7496428571428572 0.6924479166666667 0.115 0.08307291666666666
7 0.7932142857142858 0.62578125 0.17142857142857143 0.0765625
8 0.2689285714285714 0.6966145833333334 0.3817857142857143 0.06822916666666666
8 0.2864285714285714 0.64453125 0.19107142857142856 0.06197916666666667
0 0.17892857142857144 0.4434895833333333 0.10214285714285715 0.07317708333333334
0 0.2864285714285714 0.4434895833333333 0.09107142857142857 0.06015625
12 0.2735714285714286 0.48333333333333334 0.2517857142857143 0.052083333333333336
15 0.535 0.47369791666666666 0.25392857142857145 0.04895833333333333
23 0.24857142857142858 0.29791666666666666 0.18428571428571427 0.022916666666666665
10 0.7139285714285715 0.28411458333333334 0.22142857142857142 0.06354166666666666