9 0.18857142857142858 0.6315104166666666 0.19107142857142856 0.10520833333333333
3 0.5275 0.44244791666666666 0.2567857142857143 0.0875
11 0.8010714285714285 0.70078125 0.23535714285714285 0.07760416666666667
14 0.21678571428571428 0.3255208333333333 0.14464285714285716 0.040625
12 0.4207142857142857 0.6809895833333334 0.165 0.09192708333333334
15 0.5003571428571428 0.51015625 0.12107142857142857 0.0625
18 0.8082142857142857 0.31744791666666666 0.21142857142857144 0.05416666666666667
6 0.6382142857142857 0.27447916666666666 0.1332142857142857 0.09895833333333333
7 0.36714285714285716 0.30416666666666664 0.11321428571428571 0.05520833333333333
21 0.48857142857142855 0.5953125 0.17285714285714285 0.07682291666666667
13 0.2475 0.48802083333333335 0.1732142857142857 0.06979166666666667
4 0.7914285714285715 0.5096354166666667 0.20107142857142857 0.06276041666666667
20 0.5014285714285714 0.3065104166666667 0.14107142857142857 0.06145833333333333
8 0.6503571428571429 0.64375 0.08535714285714285 0.07109375