11 0.20535714285714285 0.51953125 0.25035714285714283 0.0734375
18 0.3507142857142857 0.6755208333333333 0.23 0.07760416666666667
9 0.45571428571428574 0.29010416666666666 0.19285714285714287 0.09322916666666667
12 0.17285714285714285 0.3190104166666667 0.22464285714285714 0.0578125
15 0.6267857142857143 0.66484375 0.11892857142857143 0.06614583333333333
3 0.5410714285714285 0.59296875 0.21785714285714286 0.08046875
7 0.2292857142857143 0.61640625 0.12428571428571429 0.08046875
6 0.6967857142857142 0.4513020833333333 0.1407142857142857 0.08645833333333333
8 0.38392857142857145 0.47708333333333336 0.12678571428571428 0.0453125
14 0.5128571428571429 0.5161458333333333 0.12464285714285714 0.05859375
23 0.735 0.32395833333333335 0.1717857142857143 0.07109375