1 0.12821428571428573 0.5916666666666667 0.1467857142857143 0.10026041666666667
24 0.28214285714285714 0.5122395833333333 0.25214285714285717 0.13489583333333333
5 0.18285714285714286 0.21588541666666666 0.1432142857142857 0.05703125
23 0.22285714285714286 0.3859375 0.10357142857142858 0.06822916666666666
10 0.4446428571428571 0.36432291666666666 0.10321428571428572 0.11640625
11 0.7982142857142858 0.5479166666666667 0.1767857142857143 0.09635416666666667
9 0.6139285714285714 0.6002604166666666 0.16 0.090625
6 0.7846428571428572 0.19921875 0.2042857142857143 0.08958333333333333
12 0.8421428571428572 0.6140625 0.215 0.0640625
4 0.4067857142857143 0.6057291666666667 0.1992857142857143 0.06927083333333334
23 0.11857142857142858 0.38125 0.1 0.0765625
4 0.32392857142857145 0.37838541666666664 0.18535714285714286 0.07057291666666667
15 0.6042857142857143 0.3971354166666667 0.14642857142857144 0.03177083333333333
16 0.7160714285714286 0.3958333333333333 0.095 0.0484375
15 0.8471428571428572 0.39375 0.21071428571428572 0.06015625