7 0.7421428571428571 0.29583333333333334 0.13714285714285715 0.06953125
12 0.19964285714285715 0.51015625 0.21535714285714286 0.06875
11 0.5271428571428571 0.4471354166666667 0.20214285714285715 0.059895833333333336
23 0.5003571428571428 0.51171875 0.25285714285714284 0.071875
17 0.8478571428571429 0.4747395833333333 0.22285714285714286 0.14791666666666667
0 0.13392857142857142 0.7208333333333333 0.12357142857142857 0.09921875
0 0.26107142857142857 0.7140625 0.10392857142857143 0.07317708333333334
6 0.6010714285714286 0.6317708333333333 0.2542857142857143 0.12291666666666666
6 0.5067857142857143 0.7208333333333333 0.31785714285714284 0.090625
16 0.8421428571428572 0.7080729166666667 0.1682142857142857 0.0703125
15 0.8360714285714286 0.6700520833333333 0.13392857142857142 0.04010416666666667