11 0.205 0.5190104166666667 0.24892857142857142 0.071875
18 0.355 0.6760416666666667 0.22535714285714287 0.07864583333333333
9 0.45535714285714285 0.28984375 0.19428571428571428 0.09140625
12 0.1725 0.31875 0.225 0.05755208333333333
7 0.22892857142857143 0.61640625 0.12392857142857143 0.08098958333333334
3 0.5439285714285714 0.59296875 0.22285714285714286 0.0828125
15 0.6292857142857143 0.6651041666666667 0.12071428571428572 0.06692708333333333
6 0.6960714285714286 0.45260416666666664 0.13964285714285715 0.0890625
23 0.7378571428571429 0.3255208333333333 0.165 0.06432291666666666
8 0.3842857142857143 0.47708333333333336 0.12785714285714286 0.04609375
14 0.5078571428571429 0.5216145833333333 0.10142857142857142 0.0546875