3 0.6210714285714286 0.5958333333333333 0.21 0.09947916666666666
12 0.09142857142857143 0.4822916666666667 0.14642857142857144 0.09661458333333334
14 0.8114285714285714 0.51484375 0.12357142857142857 0.051041666666666666
11 0.2892857142857143 0.6861979166666666 0.23035714285714284 0.08072916666666667
15 0.5457142857142857 0.6880208333333333 0.14785714285714285 0.05651041666666667
9 0.42642857142857143 0.5895833333333333 0.15892857142857142 0.07994791666666666
6 0.2571428571428571 0.4432291666666667 0.145 0.08697916666666666
18 0.15928571428571428 0.31979166666666664 0.2282142857142857 0.05520833333333333
8 0.8089285714285714 0.32734375 0.10785714285714286 0.04921875
23 0.1875 0.6041666666666666 0.13142857142857142 0.07239583333333334
4 0.3682142857142857 0.3109375 0.14785714285714285 0.048177083333333336
21 0.5625 0.31197916666666664 0.2357142857142857 0.054947916666666666
20 0.43357142857142855 0.47994791666666664 0.13392857142857142 0.06770833333333333
7 0.6353571428571428 0.4596354166666667 0.12535714285714286 0.06302083333333333