13 0.675 0.27682291666666664 0.07821428571428571 0.052083333333333336
9 0.22892857142857143 0.2669270833333333 0.16714285714285715 0.10104166666666667
23 0.18214285714285713 0.4630208333333333 0.1692857142857143 0.06354166666666666
6 0.4014285714285714 0.41015625 0.1692857142857143 0.10416666666666667
14 0.7389285714285714 0.41901041666666666 0.2017857142857143 0.09270833333333334
20 0.6403571428571428 0.428125 0.1692857142857143 0.05859375
12 0.5046428571428572 0.6291666666666667 0.14964285714285713 0.030989583333333334
12 0.5557142857142857 0.6078125 0.16071428571428573 0.030989583333333334
12 0.3896428571428571 0.6127604166666667 0.18428571428571427 0.040625
12 0.7757142857142857 0.6502604166666667 0.23214285714285715 0.08958333333333333
15 0.21928571428571428 0.6591145833333333 0.22142857142857142 0.07161458333333333
16 0.5328571428571428 0.6713541666666667 0.17142857142857143 0.07005208333333333