0 0.19214285714285714 0.2872395833333333 0.23642857142857143 0.07317708333333334
10 0.5185714285714286 0.2953125 0.07821428571428571 0.04401041666666667
6 0.8060714285714285 0.24166666666666667 0.30178571428571427 0.16432291666666668
11 0.8517857142857143 0.46067708333333335 0.18892857142857142 0.10729166666666666
2 0.43714285714285717 0.46536458333333336 0.31892857142857145 0.05520833333333333
8 0.18214285714285713 0.4875 0.2475 0.06015625
23 0.6510714285714285 0.48020833333333335 0.1475 0.06510416666666667
17 0.205 0.6388020833333333 0.17142857142857143 0.12864583333333332
7 0.4232142857142857 0.6828125 0.11714285714285715 0.09609375
12 0.6121428571428571 0.6786458333333333 0.10857142857142857 0.10104166666666667
16 0.7778571428571428 0.6395833333333333 0.0975 0.04895833333333333
15 0.78 0.6932291666666667 0.15392857142857144 0.06822916666666666