15 0.39071428571428574 0.6354166666666666 0.14821428571428572 0.07604166666666666
9 0.6217857142857143 0.5966145833333333 0.16214285714285714 0.09609375
12 0.8814285714285715 0.6583333333333333 0.15607142857142858 0.090625
14 0.5646428571428571 0.6872395833333333 0.14607142857142857 0.07552083333333333
7 0.42214285714285715 0.4513020833333333 0.21 0.08697916666666666
11 0.18178571428571427 0.5299479166666666 0.3264285714285714 0.13567708333333334
21 0.37642857142857145 0.21927083333333333 0.24821428571428572 0.12291666666666666
6 0.7507142857142857 0.21432291666666667 0.18214285714285713 0.13359375
23 0.8767857142857143 0.4791666666666667 0.20035714285714284 0.09244791666666667
20 0.18142857142857144 0.6825520833333333 0.17464285714285716 0.09453125
4 0.6467857142857143 0.42552083333333335 0.1982142857142857 0.12682291666666667