7 0.7757142857142857 0.62734375 0.15892857142857142 0.07421875
12 0.2832142857142857 0.4822916666666667 0.23392857142857143 0.0484375
0 0.18857142857142858 0.44375 0.0975 0.06744791666666666
21 0.7457142857142857 0.6841145833333333 0.11035714285714286 0.07890625
16 0.5271428571428571 0.6291666666666667 0.1775 0.058333333333333334
10 0.8189285714285715 0.43828125 0.20964285714285713 0.07005208333333333
21 0.6275 0.68203125 0.09821428571428571 0.053385416666666664
0 0.2925 0.440625 0.09107142857142857 0.058854166666666666
8 0.2910714285714286 0.6421875 0.18107142857142858 0.06015625
8 0.2864285714285714 0.6856770833333333 0.37464285714285717 0.06432291666666666
15 0.5289285714285714 0.47630208333333335 0.24464285714285713 0.05026041666666667
23 0.25535714285714284 0.30807291666666664 0.17964285714285713 0.0296875