14 0.11107142857142857 0.7658854166666667 0.1732142857142857 0.065625
9 0.5707142857142857 0.22369791666666666 0.21821428571428572 0.12447916666666667
13 0.4342857142857143 0.7450520833333333 0.2357142857142857 0.09557291666666666
3 0.7607142857142857 0.6552083333333333 0.3292857142857143 0.14270833333333333
12 0.16785714285714284 0.665625 0.29714285714285715 0.09114583333333333
15 0.21142857142857144 0.5044270833333333 0.29714285714285715 0.084375
6 0.7796428571428572 0.4328125 0.20285714285714285 0.1125
21 0.5260714285714285 0.475 0.225 0.07057291666666667
7 0.11714285714285715 0.26666666666666666 0.21571428571428572 0.07083333333333333
4 0.8267857142857142 0.22994791666666667 0.19964285714285715 0.13958333333333334
20 0.8910714285714286 0.49973958333333335 0.18892857142857142 0.10572916666666667