3 0.4907142857142857 0.26588541666666665 0.34785714285714286 0.10520833333333333
6 0.18321428571428572 0.2596354166666667 0.18178571428571427 0.09791666666666667
9 0.8103571428571429 0.2671875 0.19892857142857143 0.1125
8 0.2082142857142857 0.45677083333333335 0.2839285714285714 0.08177083333333333
16 0.41035714285714286 0.46536458333333336 0.14821428571428572 0.054947916666666666
16 0.5785714285714286 0.4588541666666667 0.10678571428571429 0.0515625
15 0.7717857142857143 0.49505208333333334 0.2325 0.04114583333333333
21 0.16428571428571428 0.6815104166666667 0.2025 0.1015625
23 0.5542857142857143 0.6807291666666667 0.12964285714285714 0.08020833333333334
10 0.46464285714285714 0.6325520833333333 0.16535714285714287 0.08177083333333333
14 0.78 0.6 0.16428571428571428 0.08515625
20 0.8114285714285714 0.6802083333333333 0.18821428571428572 0.084375