9 0.19785714285714287 0.6322916666666667 0.18928571428571428 0.10052083333333334
14 0.21892857142857142 0.32578125 0.15821428571428572 0.03958333333333333
3 0.53 0.44166666666666665 0.24464285714285713 0.0890625
11 0.8107142857142857 0.7002604166666667 0.2392857142857143 0.07604166666666666
15 0.5082142857142857 0.5104166666666666 0.11857142857142858 0.0640625
18 0.8207142857142857 0.31666666666666665 0.21714285714285714 0.0546875
12 0.42464285714285716 0.6809895833333334 0.165 0.08776041666666666
6 0.6421428571428571 0.271875 0.135 0.09453125
12 0.3717857142857143 0.6734375 0.056428571428571425 0.07369791666666667
13 0.2621428571428571 0.49166666666666664 0.16464285714285715 0.0640625
7 0.35928571428571426 0.3078125 0.1492857142857143 0.0484375
20 0.5157142857142857 0.3098958333333333 0.1382142857142857 0.06484375
4 0.8075 0.5075520833333333 0.20714285714285716 0.06796875
21 0.49892857142857144 0.6005208333333333 0.175 0.07682291666666667
8 0.6632142857142858 0.6424479166666667 0.08464285714285714 0.07005208333333333