3 0.30178571428571427 0.5760416666666667 0.2082142857142857 0.15963541666666667
14 0.20285714285714285 0.409375 0.15392857142857144 0.08619791666666667
22 0.45035714285714284 0.4109375 0.22357142857142856 0.10911458333333333
9 0.7628571428571429 0.4166666666666667 0.22357142857142856 0.10729166666666666
13 0.2689285714285714 0.26536458333333335 0.2342857142857143 0.03567708333333333
5 0.7507142857142857 0.27005208333333336 0.15178571428571427 0.03567708333333333
7 0.5067857142857143 0.271875 0.09321428571428571 0.032552083333333336
16 0.4632142857142857 0.6583333333333333 0.11928571428571429 0.05364583333333333
23 0.26785714285714285 0.6453125 0.08464285714285714 0.05364583333333333
23 0.14964285714285713 0.6518229166666667 0.08678571428571429 0.06015625
11 0.8182142857142857 0.6388020833333333 0.1692857142857143 0.09921875