24 0.2542857142857143 0.5786458333333333 0.3078571428571429 0.18776041666666668
11 0.85 0.6153645833333333 0.21357142857142858 0.1125
10 0.21035714285714285 0.4075520833333333 0.10321428571428572 0.08229166666666667
23 0.5182142857142857 0.5744791666666667 0.08428571428571428 0.062239583333333334
12 0.32821428571428574 0.42473958333333334 0.14392857142857143 0.05078125
4 0.5803571428571429 0.63515625 0.23142857142857143 0.06614583333333333
9 0.6014285714285714 0.4203125 0.14964285714285713 0.08072916666666667
15 0.7142857142857143 0.41119791666666666 0.11071428571428571 0.0546875
6 0.6907142857142857 0.22552083333333334 0.2382142857142857 0.09322916666666667
4 0.14821428571428572 0.22916666666666666 0.2960714285714286 0.078125
23 0.43785714285714283 0.5729166666666666 0.08392857142857142 0.06041666666666667
16 0.8310714285714286 0.43307291666666664 0.18678571428571428 0.04244791666666667