15 0.625 0.6645833333333333 0.11 0.06015625
12 0.17464285714285716 0.3234375 0.225 0.04739583333333333
9 0.45607142857142857 0.29453125 0.18678571428571428 0.08932291666666667
6 0.6935714285714286 0.4549479166666667 0.13142857142857142 0.08489583333333334
18 0.36464285714285716 0.6817708333333333 0.2357142857142857 0.07578125
11 0.21678571428571428 0.52109375 0.24285714285714285 0.06588541666666667
7 0.22678571428571428 0.6169270833333333 0.12107142857142857 0.07135416666666666
3 0.5471428571428572 0.5921875 0.20892857142857144 0.07135416666666666
23 0.7364285714285714 0.32578125 0.15928571428571428 0.0640625
8 0.3807142857142857 0.47421875 0.12607142857142858 0.040364583333333336
14 0.5071428571428571 0.5138020833333333 0.10928571428571429 0.04609375