3 0.6989285714285715 0.29635416666666664 0.2475 0.11354166666666667
11 0.45357142857142857 0.68515625 0.22214285714285714 0.07994791666666666
21 0.5232142857142857 0.58828125 0.1375 0.07291666666666667
7 0.21607142857142858 0.3067708333333333 0.1717857142857143 0.057291666666666664
23 0.7532142857142857 0.5049479166666667 0.18928571428571428 0.0796875
9 0.22714285714285715 0.5997395833333333 0.1657142857142857 0.09010416666666667
4 0.36857142857142855 0.30963541666666666 0.1492857142857143 0.06536458333333334
20 0.415 0.4622395833333333 0.20392857142857143 0.058333333333333334
12 0.7475 0.61953125 0.17142857142857143 0.07317708333333334
8 0.6039285714285715 0.48723958333333334 0.09035714285714286 0.054427083333333334
13 0.22464285714285714 0.5020833333333333 0.2007142857142857 0.04895833333333333