3 0.6214285714285714 0.5973958333333333 0.21035714285714285 0.09505208333333333
12 0.09178571428571429 0.4825520833333333 0.14607142857142857 0.09661458333333334
15 0.5464285714285714 0.6880208333333333 0.1457142857142857 0.05625
11 0.29 0.6856770833333333 0.22964285714285715 0.0796875
14 0.6175 0.5098958333333333 0.12821428571428573 0.04375
6 0.2575 0.4434895833333333 0.14464285714285716 0.08619791666666667
23 0.18821428571428572 0.6041666666666666 0.13178571428571428 0.07265625
18 0.15857142857142856 0.31979166666666664 0.22785714285714287 0.0546875
7 0.6392857142857142 0.4588541666666667 0.1225 0.06145833333333333
9 0.42142857142857143 0.5916666666666667 0.15857142857142856 0.08046875
4 0.3692857142857143 0.3104166666666667 0.1475 0.05
21 0.5607142857142857 0.3138020833333333 0.22857142857142856 0.05677083333333333
8 0.7682142857142857 0.3294270833333333 0.19107142857142856 0.03411458333333333
20 0.4325 0.47994791666666664 0.12892857142857142 0.0640625