12 0.205 0.49453125 0.2317857142857143 0.06458333333333334
7 0.7392857142857143 0.46927083333333336 0.11857142857142858 0.06380208333333333
3 0.6282142857142857 0.5979166666666667 0.2075 0.0921875
18 0.16392857142857142 0.3177083333333333 0.23142857142857143 0.06015625
23 0.19321428571428573 0.6072916666666667 0.12928571428571428 0.07291666666666667
4 0.37142857142857144 0.3109375 0.15607142857142858 0.06875
11 0.2875 0.6877604166666667 0.22464285714285714 0.07838541666666667
6 0.44571428571428573 0.4484375 0.13642857142857143 0.08880208333333334
15 0.55 0.68828125 0.1475 0.057291666666666664
8 0.7592857142857142 0.3229166666666667 0.14964285714285713 0.0515625
9 0.41928571428571426 0.5953125 0.15821428571428572 0.07317708333333334
14 0.6028571428571429 0.5161458333333333 0.10714285714285714 0.05182291666666667