23 0.7539285714285714 0.5059895833333333 0.18892857142857142 0.07864583333333333
3 0.7003571428571429 0.29765625 0.2517857142857143 0.10859375
11 0.45321428571428574 0.6901041666666666 0.2375 0.08229166666666667
7 0.21535714285714286 0.31588541666666664 0.17464285714285716 0.059895833333333336
12 0.7471428571428571 0.6263020833333334 0.17214285714285715 0.07395833333333333
4 0.37535714285714283 0.3111979166666667 0.1492857142857143 0.062239583333333334
13 0.22178571428571428 0.5044270833333333 0.2057142857142857 0.06171875
21 0.5225 0.5903645833333333 0.14357142857142857 0.07682291666666667
8 0.6042857142857143 0.48932291666666666 0.09107142857142857 0.053385416666666664
20 0.4117857142857143 0.46510416666666665 0.2007142857142857 0.05651041666666667
9 0.22535714285714287 0.6033854166666667 0.15642857142857142 0.0890625