15 0.5660714285714286 0.69140625 0.10642857142857143 0.0671875
3 0.6907142857142857 0.29973958333333334 0.24285714285714285 0.10911458333333333
23 0.7485714285714286 0.5083333333333333 0.18642857142857142 0.07395833333333333
11 0.2592857142857143 0.6809895833333334 0.22464285714285714 0.07708333333333334
18 0.14142857142857143 0.321875 0.20607142857142857 0.052083333333333336
12 0.7817857142857143 0.6359375 0.05928571428571429 0.06197916666666667
21 0.4689285714285714 0.5947916666666667 0.18 0.06796875
12 0.7114285714285714 0.64140625 0.09857142857142857 0.06640625
13 0.22321428571428573 0.5018229166666667 0.21321428571428572 0.0546875
20 0.4853571428571429 0.4700520833333333 0.15571428571428572 0.06041666666666667
20 0.42428571428571427 0.31666666666666665 0.13892857142857143 0.05651041666666667