1 0.13 0.66328125 0.1525 0.09947916666666666
11 0.7935714285714286 0.61484375 0.17857142857142858 0.09505208333333333
24 0.2807142857142857 0.5901041666666667 0.2525 0.13515625
5 0.18142857142857144 0.2877604166666667 0.14285714285714285 0.05703125
4 0.4060714285714286 0.67421875 0.2082142857142857 0.06848958333333334
23 0.4707142857142857 0.29270833333333335 0.11642857142857142 0.046875
12 0.8364285714285714 0.6869791666666667 0.21535714285714286 0.06510416666666667
23 0.36428571428571427 0.29244791666666664 0.11571428571428571 0.048177083333333336
9 0.6082142857142857 0.66875 0.16642857142857143 0.09088541666666666
10 0.8385714285714285 0.2721354166666667 0.11392857142857143 0.09791666666666667
6 0.7 0.27057291666666666 0.175 0.08776041666666666
8 0.8489285714285715 0.46484375 0.20785714285714285 0.059895833333333336
16 0.7139285714285715 0.4671875 0.09678571428571428 0.05234375
4 0.46285714285714286 0.45546875 0.2596428571428571 0.08098958333333334
15 0.6217857142857143 0.47213541666666664 0.11071428571428571 0.04244791666666667