14 0.105 0.8052083333333333 0.18 0.06692708333333333
7 0.11607142857142858 0.2984375 0.1992857142857143 0.07786458333333333
9 0.5135714285714286 0.2591145833333333 0.24571428571428572 0.12552083333333333
15 0.8739285714285714 0.8234375 0.2225 0.08515625
23 0.5275 0.5158854166666667 0.2082142857142857 0.07916666666666666
12 0.16785714285714284 0.7059895833333333 0.30428571428571427 0.09375
8 0.16035714285714286 0.5385416666666667 0.1775 0.09921875
13 0.43857142857142856 0.7872395833333333 0.24357142857142858 0.09375
18 0.3 0.3 0.18964285714285714 0.06328125
3 0.7632142857142857 0.6921875 0.33035714285714285 0.14635416666666667
20 0.8810714285714286 0.5385416666666667 0.2007142857142857 0.09192708333333334
6 0.7817857142857143 0.46822916666666664 0.21142857142857144 0.1140625
4 0.8407142857142857 0.2591145833333333 0.2025 0.12734375