4 0.49642857142857144 0.59453125 0.2057142857142857 0.06770833333333333
12 0.8292857142857143 0.6690104166666667 0.12821428571428573 0.07083333333333333
6 0.49178571428571427 0.2609375 0.1732142857142857 0.09270833333333334
8 0.7278571428571429 0.46171875 0.3425 0.06901041666666667
14 0.2532142857142857 0.5919270833333333 0.16785714285714284 0.0890625
23 0.12428571428571429 0.6658854166666667 0.08428571428571428 0.06848958333333334
20 0.2332142857142857 0.4361979166666667 0.17285714285714285 0.06588541666666667
23 0.25642857142857145 0.65859375 0.09107142857142857 0.054947916666666666
12 0.7860714285714285 0.6440104166666667 0.145 0.06302083333333333
10 0.4142857142857143 0.4166666666666667 0.20107142857142857 0.06354166666666666
16 0.5496428571428571 0.65 0.10071428571428571 0.08515625
13 0.7175 0.28046875 0.07857142857142857 0.046614583333333334