6 0.39 0.2604166666666667 0.16035714285714286 0.09427083333333333
8 0.5396428571428571 0.29635416666666664 0.20357142857142857 0.04895833333333333
7 0.1332142857142857 0.44921875 0.18 0.10104166666666667
15 0.30142857142857143 0.43697916666666664 0.18642857142857142 0.05364583333333333
10 0.4853571428571429 0.41510416666666666 0.16035714285714286 0.08151041666666667
16 0.5603571428571429 0.4549479166666667 0.06285714285714286 0.04401041666666667
16 0.6771428571428572 0.46875 0.13214285714285715 0.06822916666666666
14 0.8128571428571428 0.428125 0.09964285714285714 0.09427083333333333
0 0.2125 0.6151041666666667 0.17785714285714285 0.08802083333333334
12 0.29892857142857143 0.66484375 0.22107142857142856 0.0796875
21 0.5017857142857143 0.6192708333333333 0.17107142857142857 0.07317708333333334
9 0.7096428571428571 0.5893229166666667 0.1625 0.11380208333333333
23 0.8603571428571428 0.66484375 0.1475 0.08619791666666667