9 0.19964285714285715 0.62734375 0.18785714285714286 0.10234375
14 0.22 0.32526041666666666 0.15678571428571428 0.03958333333333333
15 0.5089285714285714 0.5096354166666667 0.11785714285714285 0.0625
3 0.5375 0.4434895833333333 0.25285714285714284 0.0875
18 0.8185714285714286 0.31614583333333335 0.22107142857142856 0.054427083333333334
11 0.8117857142857143 0.7005208333333334 0.2382142857142857 0.07708333333333334
6 0.6439285714285714 0.2734375 0.13464285714285715 0.09739583333333333
12 0.4253571428571429 0.6809895833333334 0.16535714285714287 0.0875
12 0.3725 0.6731770833333334 0.056428571428571425 0.07369791666666667
13 0.2617857142857143 0.49140625 0.1675 0.06536458333333334
7 0.365 0.31145833333333334 0.16142857142857142 0.06276041666666667
20 0.5082142857142857 0.3015625 0.14142857142857143 0.07161458333333333
4 0.8110714285714286 0.49947916666666664 0.22 0.07239583333333334
21 0.4975 0.5981770833333333 0.1732142857142857 0.075
8 0.6635714285714286 0.6481770833333333 0.07857142857142857 0.06979166666666667