22 0.48964285714285716 0.38046875 0.24071428571428571 0.11041666666666666
7 0.2292857142857143 0.5786458333333333 0.18464285714285714 0.08359375
23 0.5482142857142858 0.7309895833333333 0.07535714285714286 0.061197916666666664
16 0.7803571428571429 0.4317708333333333 0.15428571428571428 0.05703125
23 0.625 0.7322916666666667 0.0725 0.05625
4 0.7067857142857142 0.5958333333333333 0.20535714285714285 0.06770833333333333
13 0.7342857142857143 0.40182291666666664 0.21928571428571428 0.06484375
23 0.785 0.728125 0.08678571428571429 0.04140625
9 0.835 0.6411458333333333 0.14892857142857144 0.08307291666666666
12 0.3217857142857143 0.42734375 0.10607142857142857 0.04765625
8 0.2567857142857143 0.4270833333333333 0.19285714285714287 0.05963541666666667
9 0.4664285714285714 0.5580729166666667 0.19964285714285715 0.10182291666666667
15 0.2810714285714286 0.6421875 0.17142857142857143 0.04401041666666667