3 0.6210714285714286 0.596875 0.2075 0.09661458333333334
14 0.8103571428571429 0.5125 0.12392857142857143 0.0484375
9 0.4207142857142857 0.5916666666666667 0.1525 0.07890625
12 0.08892857142857143 0.4783854166666667 0.13214285714285715 0.09479166666666666
11 0.29035714285714287 0.6848958333333334 0.23214285714285715 0.07604166666666666
15 0.5489285714285714 0.6877604166666667 0.1382142857142857 0.053125
8 0.8121428571428572 0.32916666666666666 0.10321428571428572 0.0421875
23 0.18785714285714286 0.6044270833333333 0.13035714285714287 0.07109375
20 0.4325 0.4765625 0.13285714285714287 0.05755208333333333
7 0.6407142857142857 0.45807291666666666 0.11964285714285715 0.05703125
6 0.26 0.44114583333333335 0.14535714285714285 0.08385416666666666
21 0.565 0.31302083333333336 0.24035714285714285 0.057291666666666664
4 0.3675 0.30885416666666665 0.14642857142857144 0.054947916666666666
18 0.1625 0.31927083333333334 0.23857142857142857 0.049479166666666664