0 0.1725 0.22786458333333334 0.11928571428571429 0.06510416666666667
0 0.3157142857142857 0.234375 0.115 0.052083333333333336
7 0.5067857142857143 0.22942708333333334 0.12357142857142857 0.06197916666666667
6 0.8235714285714286 0.19296875 0.2667857142857143 0.13828125
8 0.16714285714285715 0.43125 0.2517857142857143 0.06822916666666666
2 0.4417857142857143 0.4078125 0.30178571428571427 0.05703125
23 0.6532142857142857 0.4231770833333333 0.15178571428571427 0.06510416666666667
11 0.8603571428571428 0.4005208333333333 0.21035714285714285 0.10416666666666667
11 0.19 0.584375 0.16714285714285715 0.13020833333333334
12 0.6107142857142858 0.6307291666666667 0.10214285714285715 0.10260416666666666
16 0.7757142857142857 0.5916666666666667 0.09321428571428571 0.05703125
15 0.7825 0.646875 0.15857142857142856 0.07317708333333334