24 0.27464285714285713 0.6192708333333333 0.2667857142857143 0.14479166666666668
12 0.37 0.7130208333333333 0.25821428571428573 0.06197916666666667
11 0.8235714285714286 0.6786458333333333 0.18428571428571427 0.11067708333333333
15 0.5675 0.48984375 0.18 0.06510416666666667
16 0.7128571428571429 0.49557291666666664 0.12821428571428573 0.047135416666666666
9 0.8864285714285715 0.49322916666666666 0.18428571428571427 0.08463541666666667
23 0.3525 0.31588541666666664 0.12357142857142857 0.04895833333333333
23 0.4675 0.31666666666666665 0.1325 0.040625
6 0.7021428571428572 0.29296875 0.1757142857142857 0.09427083333333333
10 0.8432142857142857 0.28958333333333336 0.11928571428571429 0.09765625
5 0.1692857142857143 0.30833333333333335 0.1475 0.05703125
1 0.6325 0.66171875 0.16714285714285715 0.08958333333333333