23 0.7528571428571429 0.5072916666666667 0.18928571428571428 0.0796875
7 0.21642857142857144 0.3106770833333333 0.17107142857142857 0.05703125
11 0.3607142857142857 0.6869791666666667 0.2092857142857143 0.07942708333333333
21 0.5228571428571429 0.59375 0.14 0.07552083333333333
3 0.695 0.3 0.2425 0.11171875
15 0.3407142857142857 0.5052083333333334 0.11321428571428571 0.07161458333333333
9 0.22214285714285714 0.6033854166666667 0.1682142857142857 0.08802083333333334
12 0.7603571428571428 0.6263020833333334 0.15357142857142858 0.07239583333333334
4 0.37 0.31302083333333336 0.14392857142857143 0.06145833333333333
8 0.5489285714285714 0.4786458333333333 0.09642857142857143 0.03697916666666667
20 0.5307142857142857 0.32421875 0.16035714285714286 0.05807291666666667
13 0.6528571428571428 0.6846354166666667 0.1975 0.06484375