9 0.5239285714285714 0.23723958333333334 0.25 0.128125
7 0.1175 0.27057291666666666 0.20142857142857143 0.07864583333333333
8 0.16071428571428573 0.525 0.18285714285714286 0.10182291666666667
14 0.10928571428571429 0.7921875 0.18071428571428572 0.06744791666666666
15 0.885 0.8127604166666667 0.21321428571428572 0.08515625
13 0.45071428571428573 0.7736979166666667 0.24785714285714286 0.09973958333333334
23 0.5382142857142858 0.49375 0.21035714285714285 0.08020833333333334
18 0.2985714285714286 0.271875 0.1957142857142857 0.06588541666666667
12 0.17 0.6885416666666667 0.3092857142857143 0.09114583333333333
6 0.7978571428571428 0.44921875 0.2117857142857143 0.11614583333333334
3 0.7717857142857143 0.6747395833333333 0.3385714285714286 0.14453125
4 0.8375 0.23385416666666667 0.21535714285714286 0.12395833333333334
20 0.9025 0.52421875 0.17607142857142857 0.09739583333333333